Fixture analysis. 22B

Single round robin Fixture grid.
2	11	14	12	4	13	3	5	17	15	18	16	6	8	9	7	19	21	22	20	1	10
11	13	1	14	15	2	16	3	4	17	5	18	19	6	7	20	21	8	9	22	10	12
22	2	3	1	13	15	14	16	6	4	7	5	17	19	20	18	8	10	11	9	12	21
6	18	8	7	20	19	9	10	22	21	1	11	13	12	2	3	15	14	5	4	16	17
4	20	10	5	11	6	1	7	8	2	9	3	21	15	22	16	17	12	18	13	19	14
20	15	5	21	6	22	7	12	13	8	14	9	10	4	16	11	1	17	2	18	3	19
3	10	4	11	12	16	2	6	14	7	15	19	5	9	17	21	18	22	8	1	20	13
21	3	15	22	1	5	13	17	18	14	4	8	16	20	6	10	7	11	19	12	9	2
10	14	11	15	16	1	17	2	3	18	19	4	20	5	21	6	22	7	12	8	13	9
14	21	22	4	5	12	6	13	7	3	8	15	9	16	10	17	11	18	1	19	2	20
13	22	12	3	2	4	5	14	15	6	16	7	8	17	18	9	10	19	20	11	21	1
5	8	6	9	10	7	22	19	12	20	13	21	3	11	4	1	16	2	14	17	18	15
19	5	17	20	21	18	11	8	1	9	2	10	14	22	15	12	13	16	3	6	7	4
8	16	9	17	18	10	19	11	20	1	21	2	22	3	12	4	5	13	6	14	15	7
16	19	20	6	7	21	8	22	9	12	10	13	11	14	1	15	2	5	17	3	4	18
15	9	16	10	17	11	18	1	2	19	3	20	4	21	5	22	12	6	13	7	14	8
9	4	21	16	22	17	12	18	19	13	20	14	15	10	11	5	6	1	7	2	8	3
18	17	7	19	8	20	21	9	10	22	11	12	1	13	14	2	3	15	4	16	5	6
7	6	19	18	9	8	20	21	11	10	12	22	2	1	13	14	4	3	16	15	17	5
17	7	18	8	19	9	10	20	21	11	22	1	12	2	3	13	14	4	15	5	6	16
1	12	2	13	3	14	4	15	5	16	6	17	7	18	8	19	9	20	10	21	11	22


Double round robin Fixture grid.
2	11	14	12	4	13	3	5	17	15	18	16	6	8	9	7	19	21	22	20	1	10
11	13	1	14	15	2	16	3	4	17	5	18	19	6	7	20	21	8	9	22	10	12
22	2	3	1	13	15	14	16	6	4	7	5	17	19	20	18	8	10	11	9	12	21
6	18	8	7	20	19	9	10	22	21	1	11	13	12	2	3	15	14	5	4	16	17
4	20	10	5	11	6	1	7	8	2	9	3	21	15	22	16	17	12	18	13	19	14
20	15	5	21	6	22	7	12	13	8	14	9	10	4	16	11	1	17	2	18	3	19
3	10	4	11	12	16	2	6	14	7	15	19	5	9	17	21	18	22	8	1	20	13
21	3	15	22	1	5	13	17	18	14	4	8	16	20	6	10	7	11	19	12	9	2
10	14	11	15	16	1	17	2	3	18	19	4	20	5	21	6	22	7	12	8	13	9
14	21	22	4	5	12	6	13	7	3	8	15	9	16	10	17	11	18	1	19	2	20
13	22	12	3	2	4	5	14	15	6	16	7	8	17	18	9	10	19	20	11	21	1
5	8	6	9	10	7	22	19	12	20	13	21	3	11	4	1	16	2	14	17	18	15
19	5	17	20	21	18	11	8	1	9	2	10	14	22	15	12	13	16	3	6	7	4
8	16	9	17	18	10	19	11	20	1	21	2	22	3	12	4	5	13	6	14	15	7
16	19	20	6	7	21	8	22	9	12	10	13	11	14	1	15	2	5	17	3	4	18
15	9	16	10	17	11	18	1	2	19	3	20	4	21	5	22	12	6	13	7	14	8
9	4	21	16	22	17	12	18	19	13	20	14	15	10	11	5	6	1	7	2	8	3
18	17	7	19	8	20	21	9	10	22	11	12	1	13	14	2	3	15	4	16	5	6
7	6	19	18	9	8	20	21	11	10	12	22	2	1	13	14	4	3	16	15	17	5
17	7	18	8	19	9	10	20	21	11	22	1	12	2	3	13	14	4	15	5	6	16
1	12	2	13	3	14	4	15	5	16	6	17	7	18	8	19	9	20	10	21	11	22
10	1	11	2	12	14	13	4	5	3	15	17	16	18	8	6	7	9	21	19	20	22
12	10	13	11	14	1	2	15	3	16	17	4	18	5	6	19	20	7	8	21	22	9
21	12	2	22	1	3	15	13	16	14	4	6	5	7	19	17	18	20	10	8	9	11
17	16	18	6	7	8	19	20	10	9	21	22	11	1	12	13	3	2	14	15	4	5
14	19	20	4	5	10	6	11	7	1	2	8	3	9	15	21	16	22	12	17	13	18
19	3	15	20	21	5	22	6	12	7	8	13	9	14	4	10	11	16	17	1	18	2
13	20	10	3	11	4	16	12	6	2	7	14	19	15	9	5	21	17	22	18	1	8
2	9	3	21	22	15	5	1	17	13	14	18	8	4	20	16	10	6	11	7	12	19
9	13	14	10	15	11	1	16	2	17	18	3	4	19	5	20	6	21	7	22	8	12
20	2	21	14	4	22	12	5	13	6	3	7	15	8	16	9	17	10	18	11	19	1
1	21	22	13	3	12	4	2	14	5	6	15	7	16	17	8	9	18	19	10	11	20
15	18	8	5	9	6	7	10	19	22	20	12	21	13	11	3	1	4	2	16	17	14
4	7	5	19	20	17	18	21	8	11	9	1	10	2	22	14	12	15	16	13	6	3
7	15	16	8	17	9	10	18	11	19	1	20	2	21	3	22	4	12	13	5	14	6
18	4	19	16	6	20	21	7	22	8	12	9	13	10	14	11	15	1	5	2	3	17
8	14	9	15	10	16	11	17	1	18	19	2	20	3	21	4	22	5	6	12	7	13
3	8	4	9	16	21	17	22	18	12	13	19	14	20	10	15	5	11	1	6	2	7
6	5	17	18	19	7	20	8	9	21	22	10	12	11	13	1	2	14	15	3	16	4
5	17	6	7	18	19	8	9	21	20	10	11	22	12	1	2	14	13	3	4	15	16
16	6	7	17	8	18	9	19	20	10	11	21	1	22	2	12	13	3	4	14	5	15
22	11	12	1	13	2	14	3	15	4	16	5	17	6	18	7	19	8	20	9	21	10


Home and Away position count. Row number = index.
Counts of 1 are expected. They occur when the team number is only Home (or Away) once on that table in a single round robin fixture.
Counts of non 1 in a round robin fixture:  22
1	0	1	1	1	1	1	1	1	1	1	1	1	1	1	1	1	1	1	1	1	1
1	1	1	0	1	1	1	1	1	1	1	1	1	1	1	1	1	1	1	1	1	1
1	1	1	1	1	0	1	1	1	1	1	1	1	1	1	1	1	1	1	1	1	1
1	1	1	1	1	1	1	0	1	1	1	1	1	1	1	1	1	1	1	1	1	1
1	1	1	1	1	1	1	1	1	0	1	1	1	1	1	1	1	1	1	1	1	1
1	1	1	1	1	1	1	1	1	1	1	0	1	1	1	1	1	1	1	1	1	1
1	1	1	1	1	1	1	1	1	1	1	1	1	0	1	1	1	1	1	1	1	1
1	1	1	1	1	1	1	1	1	1	1	1	1	1	1	0	1	1	1	1	1	1
1	1	1	1	1	1	1	1	1	1	1	1	1	1	1	1	1	0	1	1	1	1
1	1	1	1	1	1	1	1	1	1	1	1	1	1	1	1	1	1	1	0	1	1
1	1	1	1	1	1	1	1	1	1	1	1	1	1	1	1	1	1	1	1	1	0
0	1	1	1	1	1	1	1	1	1	1	1	1	1	1	1	1	1	1	1	1	1
1	1	0	1	1	1	1	1	1	1	1	1	1	1	1	1	1	1	1	1	1	1
1	1	1	1	0	1	1	1	1	1	1	1	1	1	1	1	1	1	1	1	1	1
1	1	1	1	1	1	0	1	1	1	1	1	1	1	1	1	1	1	1	1	1	1
1	1	1	1	1	1	1	1	0	1	1	1	1	1	1	1	1	1	1	1	1	1
1	1	1	1	1	1	1	1	1	1	0	1	1	1	1	1	1	1	1	1	1	1
1	1	1	1	1	1	1	1	1	1	1	1	0	1	1	1	1	1	1	1	1	1
1	1	1	1	1	1	1	1	1	1	1	1	1	1	0	1	1	1	1	1	1	1
1	1	1	1	1	1	1	1	1	1	1	1	1	1	1	1	0	1	1	1	1	1
1	1	1	1	1	1	1	1	1	1	1	1	1	1	1	1	1	1	0	1	1	1
1	1	1	1	1	1	1	1	1	1	1	1	1	1	1	1	1	1	1	1	0	1


Match/Table count. Row number = index.
Counts of 3 or 4 are expected. They occur when the team numbers plays on that table in a double round robin fixture.
Counts of non 3 or 4 in a double round robin fixture:  0
3	3	4	4	4	4	4	4	4	4	4
4	3	3	4	4	4	4	4	4	4	4
4	4	3	3	4	4	4	4	4	4	4
4	4	4	3	3	4	4	4	4	4	4
4	4	4	4	3	3	4	4	4	4	4
4	4	4	4	4	3	3	4	4	4	4
4	4	4	4	4	4	3	3	4	4	4
4	4	4	4	4	4	4	3	3	4	4
4	4	4	4	4	4	4	4	3	3	4
4	4	4	4	4	4	4	4	4	3	3
3	4	4	4	4	4	4	4	4	4	3
3	3	4	4	4	4	4	4	4	4	4
4	3	3	4	4	4	4	4	4	4	4
4	4	3	3	4	4	4	4	4	4	4
4	4	4	3	3	4	4	4	4	4	4
4	4	4	4	3	3	4	4	4	4	4
4	4	4	4	4	3	3	4	4	4	4
4	4	4	4	4	4	3	3	4	4	4
4	4	4	4	4	4	4	3	3	4	4
4	4	4	4	4	4	4	4	3	3	4
4	4	4	4	4	4	4	4	4	3	3
3	4	4	4	4	4	4	4	4	4	3


Home and Away vertical sequence for each team number.
Runs of 3: 37
H	H	H	H	.	H	.	.	H	.	.	.	.	H	.	.	H	H	H	.	.	H
H	.	.	H	H	.	H	.	H	H	H	.	.	.	H	H	.	.	H	.	H	.
.	.	H	.	.	H	H	H	.	.	H	H	H	H	.	.	H	.	.	H	.	H
H	H	.	.	H	H	.	H	H	.	.	.	H	.	H	H	.	.	.	H	.	H
H	.	.	H	.	.	.	H	H	H	H	.	.	.	.	.	H	H	H	.	H	H
H	H	H	.	H	H	H	.	.	H	.	.	H	H	.	H	.	.	.	H	.	.
.	H	H	H	H	.	.	H	.	.	.	H	.	H	H	.	H	H	.	H	.	.
H	.	.	H	.	H	H	.	H	.	.	.	H	.	H	H	.	H	H	.	H	.
.	.	H	.	.	.	.	.	.	H	H	H	H	.	.	H	H	.	H	H	H	H
H	H	.	.	H	H	H	H	H	H	H	.	.	H	.	.	.	.	.	.	.	H
.	H	.	.	H	.	.	H	.	H	.	H	H	.	H	H	.	H	.	H	H	.
.	.	H	H	H	H	.	.	.	H	.	H	H	H	.	H	.	H	.	.	.	H
H	H	H	.	.	.	H	.	.	.	H	.	H	H	H	.	H	.	H	.	H	.
.	.	.	.	H	H	.	H	H	.	.	H	.	.	H	.	.	H	H	H	H	H
H	H	.	H	.	.	H	H	H	H	H	.	.	.	.	H	H	.	.	H	.	.
.	H	H	H	H	.	.	.	.	.	.	H	H	H	H	H	H	H	.	.	.	.
.	.	.	.	.	H	H	H	H	.	H	H	.	.	H	.	.	.	H	H	H	H
H	.	H	H	H	.	H	H	.	H	H	.	.	H	.	.	.	H	.	.	H	.
.	H	.	H	.	.	H	.	H	.	H	H	H	.	.	H	H	.	H	H	.	.
.	.	H	.	.	H	.	.	.	H	.	H	.	H	H	.	H	H	H	.	H	H
H	H	H	H	H	H	H	H	H	H	H	.	.	.	.	.	.	.	.	.	.	.
.	.	.	.	H	.	H	H	.	H	H	H	H	.	H	H	.	.	.	H	H	.
.	H	H	.	.	H	.	H	.	.	.	H	H	H	.	.	H	H	.	H	.	H
H	H	.	H	H	.	.	.	H	H	.	.	.	.	H	H	.	H	H	.	H	.
.	.	H	H	.	.	H	.	.	H	H	H	.	H	.	.	H	H	H	.	H	.
.	H	H	.	H	H	H	.	.	.	.	H	H	H	H	H	.	.	.	H	.	.
.	.	.	H	.	.	.	H	H	.	H	H	.	.	H	.	H	H	H	.	H	H
H	.	.	.	.	H	H	.	H	H	H	.	H	.	.	H	.	.	H	.	H	H
.	H	H	.	H	.	.	H	.	H	H	H	.	H	.	.	H	.	.	H	.	H
H	H	.	H	H	H	H	H	H	.	.	.	.	H	H	.	.	H	.	.	.	.
.	.	H	H	.	.	.	.	.	.	.	H	H	.	H	H	H	H	H	H	H	.
H	.	H	H	.	H	H	.	H	.	H	.	.	H	.	.	H	.	H	.	.	H
H	H	.	.	.	.	H	H	H	.	H	.	.	.	H	.	H	.	H	H	H	.
.	.	.	H	H	H	.	H	H	H	.	H	.	.	.	H	.	H	.	H	.	H
H	H	H	H	.	.	H	.	.	H	H	.	H	H	.	H	H	.	.	.	.	.
.	.	H	.	H	H	.	.	.	.	.	H	H	H	H	.	.	H	H	.	H	H
H	.	.	.	.	H	H	H	H	H	H	.	.	.	.	.	.	.	H	H	H	H
H	H	H	H	H	.	.	.	.	H	.	.	H	H	.	H	H	H	.	.	.	.
.	H	.	.	.	H	.	.	H	.	.	H	H	.	H	H	H	.	H	H	.	H
H	.	H	.	H	H	.	H	.	H	.	.	.	H	H	.	.	H	.	.	H	H
H	H	.	H	H	.	H	H	H	.	H	.	H	.	.	H	.	.	.	H	.	.
.	.	.	.	.	.	.	.	.	.	.	H	H	H	H	H	H	H	H	H	H	H

Opponents by round:
1:	10	14	3	11	7	17	8	5	16	19	21	4	9	20	15	18	6	13	2	22	12	10	14	3	11	7	17	8	5	16	19	21	4	9	20	15	18	6	13	2	22	12
2:	11	15	22	3	8	18	6	9	17	20	4	16	10	21	5	19	7	14	1	12	13	11	15	22	3	8	18	6	9	17	20	4	16	10	21	5	19	7	14	1	12	13
3:	5	16	1	2	9	19	10	21	18	7	12	11	6	22	17	20	8	15	4	13	14	5	16	1	2	9	19	10	21	18	7	12	11	6	22	17	20	8	15	4	13	14
4:	13	17	6	5	20	10	11	8	19	22	2	1	7	12	18	21	9	16	3	14	15	13	17	6	5	20	10	11	8	19	22	2	1	7	12	18	21	9	16	3	14	15
5:	3	18	7	4	10	21	9	1	20	12	14	8	19	13	2	22	11	6	17	15	16	3	18	7	4	10	21	9	1	20	12	14	8	19	13	2	22	11	6	17	15	16
6:	8	19	4	18	11	22	2	10	21	13	15	9	3	14	20	12	1	5	7	16	17	8	19	4	18	11	22	2	10	21	13	15	9	3	14	20	12	1	5	7	16	17
7:	9	20	5	8	1	12	14	11	22	3	16	10	4	15	21	13	2	19	6	17	18	9	20	5	8	1	12	14	11	22	3	16	10	4	15	21	13	2	19	6	17	18
8:	6	21	10	7	2	13	1	4	12	15	17	5	11	16	22	14	3	20	9	18	19	6	21	10	7	2	13	1	4	12	15	17	5	11	16	22	14	3	20	9	18	19
9:	7	22	11	10	3	14	5	2	13	16	18	6	1	17	12	15	4	21	8	19	20	7	22	11	10	3	14	5	2	13	16	18	6	1	17	12	15	4	21	8	19	20
10:	1	12	8	9	5	4	3	6	14	17	19	7	2	18	13	16	15	22	11	20	21	1	12	8	9	5	4	3	6	14	17	19	7	2	18	13	16	15	22	11	20	21
11:	2	13	9	1	6	16	4	7	15	18	20	3	8	19	14	17	5	12	10	21	22	2	13	9	1	6	16	4	7	15	18	20	3	8	19	14	17	5	12	10	21	22
12:	14	10	21	13	17	7	16	19	8	5	3	20	15	4	9	6	18	11	22	2	1	14	10	21	13	17	7	16	19	8	5	3	20	15	4	9	6	18	11	22	2	1
13:	4	11	15	12	18	8	20	17	9	6	22	21	16	5	10	7	19	1	14	3	2	4	11	15	12	18	8	20	17	9	6	22	21	16	5	10	7	19	1	14	3	2
14:	12	1	16	15	19	9	7	18	10	21	5	17	22	6	11	8	20	2	13	4	3	12	1	16	15	19	9	7	18	10	21	5	17	22	6	11	8	20	2	13	4	3
15:	17	2	13	14	21	20	19	22	11	8	6	18	12	7	1	9	10	3	16	5	4	17	2	13	14	21	20	19	22	11	8	6	18	12	7	1	9	10	3	16	5	4
16:	18	3	14	17	22	11	12	20	1	9	7	2	13	8	19	10	21	4	15	6	5	18	3	14	17	22	11	12	20	1	9	7	2	13	8	19	10	21	4	15	6	5
17:	15	4	19	16	12	1	21	13	2	10	8	14	20	9	3	11	22	18	5	7	6	15	4	19	16	12	1	21	13	2	10	8	14	20	9	3	11	22	18	5	7	6
18:	16	5	20	6	13	2	22	14	3	11	9	15	21	10	4	1	12	17	19	8	7	16	5	20	6	13	2	22	14	3	11	9	15	21	10	4	1	12	17	19	8	7
19:	21	6	17	20	14	3	15	12	4	1	10	22	5	11	16	2	13	7	18	9	8	21	6	17	20	14	3	15	12	4	1	10	22	5	11	16	2	13	7	18	9	8
20:	22	7	18	19	4	15	13	16	5	2	11	12	17	1	6	3	14	8	21	10	9	22	7	18	19	4	15	13	16	5	2	11	12	17	1	6	3	14	8	21	10	9
21:	19	8	12	22	15	5	17	3	6	14	1	13	18	2	7	4	16	9	20	11	10	19	8	12	22	15	5	17	3	6	14	1	13	18	2	7	4	16	9	20	11	10
22:	20	9	2	21	16	6	18	15	7	4	13	19	14	3	8	5	17	10	12	1	11	20	9	2	21	16	6	18	15	7	4	13	19	14	3	8	5	17	10	12	1	11

