Fixture analysis. 14B

Single round robin Fixture grid.
6	14	11	9	12	8	13	7	10	1	2	5	3	4
13	6	4	2	5	14	3	1	7	12	8	11	9	10
3	10	14	12	2	11	1	13	4	9	5	8	6	7
9	5	8	6	1	7	10	4	11	3	12	2	13	14
7	11	10	8	9	1	12	6	13	5	14	4	2	3
2	13	1	14	3	12	4	11	5	10	6	9	7	8
1	8	9	7	10	6	11	5	12	4	13	3	14	2
12	9	5	3	6	2	7	14	8	13	4	1	10	11
4	7	13	11	14	10	2	9	3	8	1	12	5	6
10	2	7	5	8	4	9	3	1	6	11	14	12	13
14	3	2	1	4	13	5	12	6	11	7	10	8	9
5	4	12	10	13	9	14	8	2	7	3	6	11	1
11	12	6	4	7	3	8	2	9	14	10	13	1	5


Double round robin Fixture grid.
6	14	11	9	12	8	13	7	10	1	2	5	3	4
13	6	4	2	5	14	3	1	7	12	8	11	9	10
3	10	14	12	2	11	1	13	4	9	5	8	6	7
9	5	8	6	1	7	10	4	11	3	12	2	13	14
7	11	10	8	9	1	12	6	13	5	14	4	2	3
2	13	1	14	3	12	4	11	5	10	6	9	7	8
1	8	9	7	10	6	11	5	12	4	13	3	14	2
12	9	5	3	6	2	7	14	8	13	4	1	10	11
4	7	13	11	14	10	2	9	3	8	1	12	5	6
10	2	7	5	8	4	9	3	1	6	11	14	12	13
14	3	2	1	4	13	5	12	6	11	7	10	8	9
5	4	12	10	13	9	14	8	2	7	3	6	11	1
11	12	6	4	7	3	8	2	9	14	10	13	1	5
4	3	14	6	9	11	8	12	7	13	1	10	5	2
10	9	6	13	2	4	14	5	1	3	12	7	11	8
7	6	10	3	12	14	11	2	13	1	9	4	8	5
14	13	5	9	6	8	7	1	4	10	3	11	2	12
3	2	11	7	8	10	1	9	6	12	5	13	4	14
8	7	13	2	14	1	12	3	11	4	10	5	9	6
2	14	8	1	7	9	6	10	5	11	4	12	3	13
11	10	9	12	3	5	2	6	14	7	13	8	1	4
6	5	7	4	11	13	10	14	9	2	8	3	12	1
13	12	2	10	5	7	4	8	3	9	6	1	14	11
9	8	3	14	1	2	13	4	12	5	11	6	10	7
1	11	4	5	10	12	9	13	8	14	7	2	6	3
5	1	12	11	4	6	3	7	2	8	14	9	13	10


Home and Away position count. Row number = index.
Counts of 1 are expected. They occur when the team number is only Home (or Away) once on that table in a single round robin fixture.
Counts of non 1 in a round robin fixture:  14
1	0	1	1	1	1	1	1	1	1	1	1	1	1
1	1	1	1	1	1	1	1	1	0	1	1	1	1
1	1	0	1	1	1	1	1	1	1	1	1	1	1
1	1	1	1	1	1	1	1	1	1	1	1	0	1
1	1	1	1	1	0	1	1	1	1	1	1	1	1
1	1	1	1	1	1	0	1	1	1	1	1	1	1
1	1	1	1	1	1	1	1	1	1	1	0	1	1
0	1	1	1	1	1	1	1	1	1	1	1	1	1
1	1	1	1	1	1	1	1	1	1	0	1	1	1
1	1	1	1	1	1	1	0	1	1	1	1	1	1
1	1	1	1	0	1	1	1	1	1	1	1	1	1
1	1	1	1	1	1	1	1	1	1	1	1	1	0
1	1	1	0	1	1	1	1	1	1	1	1	1	1
1	1	1	1	1	1	1	1	0	1	1	1	1	1


Match/Table count. Row number = index.
Counts of 3 or 4 are expected. They occur when the team numbers plays on that table in a double round robin fixture.
Counts of non 3 or 4 in a double round robin fixture:  0
3	3	4	4	4	4	4
4	4	4	4	3	3	4
4	3	3	4	4	4	4
3	4	4	4	4	4	3
4	4	3	3	4	4	4
4	4	4	3	3	4	4
4	4	4	4	4	3	3
3	3	4	4	4	4	4
4	4	4	4	4	3	3
4	4	4	3	3	4	4
4	4	3	3	4	4	4
3	4	4	4	4	4	3
4	3	3	4	4	4	4
4	4	4	4	3	3	4


Home and Away vertical sequence for each team number.
Runs of 3: 7
.	H	H	.	.	H	.	.	.	H	H	H	H	.
.	.	H	H	H	.	H	H	H	.	.	.	H	.
H	H	H	H	H	H	.	.	.	.	.	.	.	H
H	.	.	.	.	.	.	H	H	H	H	H	H	.
.	H	.	.	.	.	H	.	H	H	.	H	H	H
H	H	H	H	H	H	H	.	.	.	.	.	.	.
H	.	.	.	.	.	.	.	H	H	H	H	H	H
.	.	.	H	H	H	H	H	.	H	.	H	.	.
H	H	H	H	H	.	.	.	.	.	.	.	H	H
H	.	.	.	.	.	H	H	H	H	H	H	.	.
.	H	.	H	H	H	H	H	.	.	.	.	.	H
.	H	H	.	H	.	.	.	.	.	H	H	H	H
H	.	.	.	.	H	H	H	H	H	H	.	.	.
H	.	.	H	H	.	H	H	H	.	.	.	.	H
H	H	.	.	.	H	.	.	.	H	H	H	.	H
.	.	.	.	.	.	H	H	H	H	H	H	H	.
.	H	H	H	H	H	H	.	.	.	.	.	.	H
H	.	H	H	H	H	.	H	.	.	H	.	.	.
.	.	.	.	.	.	.	H	H	H	H	H	H	H
.	H	H	H	H	H	H	H	.	.	.	.	.	.
H	H	H	.	.	.	.	.	H	.	H	.	H	H
.	.	.	.	.	H	H	H	H	H	H	H	.	.
.	H	H	H	H	H	.	.	.	.	.	.	H	H
H	.	H	.	.	.	.	.	H	H	H	H	H	.
H	.	.	H	.	H	H	H	H	H	.	.	.	.
.	H	H	H	H	.	.	.	.	.	.	H	H	H

Opponents by round:
1:	10	3	13	7	9	14	8	4	12	6	2	11	5	10	3	13	7	9	14	8	4	12	6	2	11	5
2:	5	4	11	12	3	13	14	6	9	10	1	7	8	5	4	11	12	3	13	14	6	9	10	1	7	8
3:	4	1	10	11	2	12	13	5	8	9	14	6	7	4	1	10	11	2	12	13	5	8	9	14	6	7
4:	3	2	9	10	14	11	12	1	7	8	13	5	6	3	2	9	10	14	11	12	1	7	8	13	5	6
5:	2	14	8	9	13	10	11	3	6	7	12	4	1	2	14	8	9	13	10	11	3	6	7	12	4	1
6:	14	13	7	8	12	9	10	2	5	1	11	3	4	14	13	7	8	12	9	10	2	5	1	11	3	4
7:	13	12	6	1	11	8	9	14	4	5	10	2	3	13	12	6	1	11	8	9	14	4	5	10	2	3
8:	12	11	5	6	10	7	1	13	3	4	9	14	2	12	11	5	6	10	7	1	13	3	4	9	14	2
9:	11	10	4	5	1	6	7	12	2	3	8	13	14	11	10	4	5	1	6	7	12	2	3	8	13	14
10:	1	9	3	4	8	5	6	11	14	2	7	12	13	1	9	3	4	8	5	6	11	14	2	7	12	13
11:	9	8	2	3	7	4	5	10	13	14	6	1	12	9	8	2	3	7	4	5	10	13	14	6	1	12
12:	8	7	14	2	6	3	4	9	1	13	5	10	11	8	7	14	2	6	3	4	9	1	13	5	10	11
13:	7	6	1	14	5	2	3	8	11	12	4	9	10	7	6	1	14	5	2	3	8	11	12	4	9	10
14:	6	5	12	13	4	1	2	7	10	11	3	8	9	6	5	12	13	4	1	2	7	10	11	3	8	9

