Fixture analysis. 24B

Single round robin Fixture grid.
9	2	18	16	19	15	20	14	21	13	22	12	23	11	24	10	17	1	3	8	4	7	5	6
17	24	10	8	11	7	12	6	13	5	14	4	15	3	16	2	1	9	18	23	19	22	20	21
24	3	2	1	4	23	5	22	6	21	7	20	8	19	9	18	10	17	11	16	12	15	13	14
7	8	20	18	21	17	22	16	23	15	24	14	2	13	3	12	4	11	5	10	6	9	1	19
15	7	12	10	13	9	14	8	1	11	16	6	17	5	18	4	19	3	20	2	21	24	22	23
19	18	8	6	9	5	10	4	11	3	12	2	13	24	14	23	15	22	16	21	17	20	7	1
4	17	23	21	24	20	2	19	3	18	1	22	5	16	6	15	7	14	8	13	9	12	10	11
11	19	16	14	17	13	18	12	15	1	20	10	21	9	22	8	23	7	24	6	2	5	3	4
18	21	9	7	10	6	11	5	12	4	13	3	14	2	15	24	16	23	17	22	1	8	19	20
6	11	21	19	22	18	23	17	24	16	2	15	3	14	4	13	5	12	1	20	7	10	8	9
20	15	7	5	8	4	9	3	10	2	11	24	12	23	13	22	14	21	6	1	16	19	17	18
8	5	19	17	20	16	21	15	22	14	23	13	24	12	2	11	3	10	4	9	18	1	6	7
2	23	1	24	3	22	4	21	5	20	6	19	7	18	8	17	9	16	10	15	11	14	12	13
16	4	11	9	12	8	13	7	14	6	15	5	1	10	17	3	18	2	19	24	20	23	21	22
5	14	22	20	23	19	24	18	2	17	3	16	4	15	1	21	6	13	7	12	8	11	9	10
21	12	6	4	7	3	8	2	9	24	10	23	11	22	5	1	13	20	14	19	15	18	16	17
12	16	15	13	14	1	17	11	18	10	19	9	20	8	21	7	22	6	23	5	24	4	2	3
10	22	17	15	18	14	19	13	20	12	21	11	16	1	23	9	24	8	2	7	3	6	4	5
22	9	5	3	6	2	7	24	8	23	4	1	10	21	11	20	12	19	13	18	14	17	15	16
14	10	13	11	1	12	15	9	16	8	17	7	18	6	19	5	20	4	21	3	22	2	23	24
3	20	24	22	2	21	1	23	4	19	5	18	6	17	7	16	8	15	9	14	10	13	11	12
23	6	4	2	5	24	3	1	7	22	8	21	9	20	10	19	11	18	12	17	13	16	14	15
1	13	14	12	15	11	16	10	17	9	18	8	19	7	20	6	21	5	22	4	23	3	24	2


Double round robin Fixture grid.
9	2	18	16	19	15	20	14	21	13	22	12	23	11	24	10	17	1	3	8	4	7	5	6
17	24	10	8	11	7	12	6	13	5	14	4	15	3	16	2	1	9	18	23	19	22	20	21
24	3	2	1	4	23	5	22	6	21	7	20	8	19	9	18	10	17	11	16	12	15	13	14
7	8	20	18	21	17	22	16	23	15	24	14	2	13	3	12	4	11	5	10	6	9	1	19
15	7	12	10	13	9	14	8	1	11	16	6	17	5	18	4	19	3	20	2	21	24	22	23
19	18	8	6	9	5	10	4	11	3	12	2	13	24	14	23	15	22	16	21	17	20	7	1
4	17	23	21	24	20	2	19	3	18	1	22	5	16	6	15	7	14	8	13	9	12	10	11
11	19	16	14	17	13	18	12	15	1	20	10	21	9	22	8	23	7	24	6	2	5	3	4
18	21	9	7	10	6	11	5	12	4	13	3	14	2	15	24	16	23	17	22	1	8	19	20
6	11	21	19	22	18	23	17	24	16	2	15	3	14	4	13	5	12	1	20	7	10	8	9
20	15	7	5	8	4	9	3	10	2	11	24	12	23	13	22	14	21	6	1	16	19	17	18
8	5	19	17	20	16	21	15	22	14	23	13	24	12	2	11	3	10	4	9	18	1	6	7
2	23	1	24	3	22	4	21	5	20	6	19	7	18	8	17	9	16	10	15	11	14	12	13
16	4	11	9	12	8	13	7	14	6	15	5	1	10	17	3	18	2	19	24	20	23	21	22
5	14	22	20	23	19	24	18	2	17	3	16	4	15	1	21	6	13	7	12	8	11	9	10
21	12	6	4	7	3	8	2	9	24	10	23	11	22	5	1	13	20	14	19	15	18	16	17
12	16	15	13	14	1	17	11	18	10	19	9	20	8	21	7	22	6	23	5	24	4	2	3
10	22	17	15	18	14	19	13	20	12	21	11	16	1	23	9	24	8	2	7	3	6	4	5
22	9	5	3	6	2	7	24	8	23	4	1	10	21	11	20	12	19	13	18	14	17	15	16
14	10	13	11	1	12	15	9	16	8	17	7	18	6	19	5	20	4	21	3	22	2	23	24
3	20	24	22	2	21	1	23	4	19	5	18	6	17	7	16	8	15	9	14	10	13	11	12
23	6	4	2	5	24	3	1	7	22	8	21	9	20	10	19	11	18	12	17	13	16	14	15
1	13	14	12	15	11	16	10	17	9	18	8	19	7	20	6	21	5	22	4	23	3	24	2
6	5	2	9	16	18	15	19	14	20	13	21	12	22	11	23	10	24	1	17	8	3	7	4
21	20	24	17	8	10	7	11	6	12	5	13	4	14	3	15	2	16	9	1	23	18	22	19
14	13	3	24	1	2	23	4	22	5	21	6	20	7	19	8	18	9	17	10	16	11	15	12
19	1	8	7	18	20	17	21	16	22	15	23	14	24	13	2	12	3	11	4	10	5	9	6
23	22	7	15	10	12	9	13	8	14	11	1	6	16	5	17	4	18	3	19	2	20	24	21
1	7	18	19	6	8	5	9	4	10	3	11	2	12	24	13	23	14	22	15	21	16	20	17
11	10	17	4	21	23	20	24	19	2	18	3	22	1	16	5	15	6	14	7	13	8	12	9
4	3	19	11	14	16	13	17	12	18	1	15	10	20	9	21	8	22	7	23	6	24	5	2
20	19	21	18	7	9	6	10	5	11	4	12	3	13	2	14	24	15	23	16	22	17	8	1
9	8	11	6	19	21	18	22	17	23	16	24	15	2	14	3	13	4	12	5	20	1	10	7
18	17	15	20	5	7	4	8	3	9	2	10	24	11	23	12	22	13	21	14	1	6	19	16
7	6	5	8	17	19	16	20	15	21	14	22	13	23	12	24	11	2	10	3	9	4	1	18
13	12	23	2	24	1	22	3	21	4	20	5	19	6	18	7	17	8	16	9	15	10	14	11
22	21	4	16	9	11	8	12	7	13	6	14	5	15	10	1	3	17	2	18	24	19	23	20
10	9	14	5	20	22	19	23	18	24	17	2	16	3	15	4	21	1	13	6	12	7	11	8
17	16	12	21	4	6	3	7	2	8	24	9	23	10	22	11	1	5	20	13	19	14	18	15
3	2	16	12	13	15	1	14	11	17	10	18	9	19	8	20	7	21	6	22	5	23	4	24
5	4	22	10	15	17	14	18	13	19	12	20	11	21	1	16	9	23	8	24	7	2	6	3
16	15	9	22	3	5	2	6	24	7	23	8	1	4	21	10	20	11	19	12	18	13	17	14
24	23	10	14	11	13	12	1	9	15	8	16	7	17	6	18	5	19	4	20	3	21	2	22
12	11	20	3	22	24	21	2	23	1	19	4	18	5	17	6	16	7	15	8	14	9	13	10
15	14	6	23	2	4	24	5	1	3	22	7	21	8	20	9	19	10	18	11	17	12	16	13
2	24	13	1	12	14	11	15	10	16	9	17	8	18	7	19	6	20	5	21	4	22	3	23


Home and Away position count. Row number = index.
Counts of 1 are expected. They occur when the team number is only Home (or Away) once on that table in a single round robin fixture.
Counts of non 1 in a round robin fixture:  24
1	0	1	1	1	1	1	1	1	1	1	1	1	1	1	1	1	1	1	1	1	1	1	1
1	1	1	1	1	1	1	1	1	1	1	1	1	1	1	1	0	1	1	1	1	1	1	1
1	1	0	1	1	1	1	1	1	1	1	1	1	1	1	1	1	1	1	1	1	1	1	1
1	1	1	1	1	1	1	1	1	1	1	1	1	0	1	1	1	1	1	1	1	1	1	1
1	1	1	1	1	1	1	1	1	1	1	1	1	1	1	1	1	1	1	1	0	1	1	1
1	1	1	1	1	1	0	1	1	1	1	1	1	1	1	1	1	1	1	1	1	1	1	1
1	1	1	1	1	1	1	1	1	0	1	1	1	1	1	1	1	1	1	1	1	1	1	1
1	1	1	1	1	1	1	1	1	1	1	1	1	1	1	1	1	1	1	1	1	1	1	0
1	1	1	1	1	1	1	1	1	1	0	1	1	1	1	1	1	1	1	1	1	1	1	1
1	1	1	1	1	0	1	1	1	1	1	1	1	1	1	1	1	1	1	1	1	1	1	1
1	1	1	1	1	1	1	1	1	1	1	1	1	1	1	1	1	1	1	0	1	1	1	1
1	1	1	1	1	1	1	1	1	1	1	1	1	1	0	1	1	1	1	1	1	1	1	1
0	1	1	1	1	1	1	1	1	1	1	1	1	1	1	1	1	1	1	1	1	1	1	1
1	1	1	1	1	1	1	1	1	1	1	1	1	1	1	0	1	1	1	1	1	1	1	1
1	1	1	1	1	1	1	1	1	1	1	1	1	1	1	1	1	1	0	1	1	1	1	1
1	1	1	1	0	1	1	1	1	1	1	1	1	1	1	1	1	1	1	1	1	1	1	1
1	1	1	1	1	1	1	1	1	1	1	0	1	1	1	1	1	1	1	1	1	1	1	1
1	1	1	1	1	1	1	1	1	1	1	1	1	1	1	1	1	1	1	1	1	1	0	1
1	1	1	1	1	1	1	1	0	1	1	1	1	1	1	1	1	1	1	1	1	1	1	1
1	1	1	1	1	1	1	0	1	1	1	1	1	1	1	1	1	1	1	1	1	1	1	1
1	1	1	1	1	1	1	1	1	1	1	1	1	1	1	1	1	1	1	1	1	0	1	1
1	1	1	1	1	1	1	1	1	1	1	1	0	1	1	1	1	1	1	1	1	1	1	1
1	1	1	0	1	1	1	1	1	1	1	1	1	1	1	1	1	1	1	1	1	1	1	1
1	1	1	1	1	1	1	1	1	1	1	1	1	1	1	1	1	0	1	1	1	1	1	1


Match/Table count. Row number = index.
Counts of 3 or 4 are expected. They occur when the team numbers plays on that table in a double round robin fixture.
Counts of non 3 or 4 in a double round robin fixture:  0
3	3	4	4	4	4	4	4	4	4	4	4
4	4	4	4	4	4	4	4	3	3	4	4
4	3	3	4	4	4	4	4	4	4	4	4
4	4	4	4	4	4	3	3	4	4	4	4
4	4	4	4	4	4	4	4	4	4	3	3
4	4	4	3	3	4	4	4	4	4	4	4
4	4	4	4	3	3	4	4	4	4	4	4
3	4	4	4	4	4	4	4	4	4	4	3
4	4	4	4	4	3	3	4	4	4	4	4
4	4	3	3	4	4	4	4	4	4	4	4
4	4	4	4	4	4	4	4	4	3	3	4
4	4	4	4	4	4	4	3	3	4	4	4
3	3	4	4	4	4	4	4	4	4	4	4
4	4	4	4	4	4	4	3	3	4	4	4
4	4	4	4	4	4	4	4	4	3	3	4
4	4	3	3	4	4	4	4	4	4	4	4
4	4	4	4	4	3	3	4	4	4	4	4
3	4	4	4	4	4	4	4	4	4	4	3
4	4	4	4	3	3	4	4	4	4	4	4
4	4	4	3	3	4	4	4	4	4	4	4
4	4	4	4	4	4	4	4	4	4	3	3
4	4	4	4	4	4	3	3	4	4	4	4
4	3	3	4	4	4	4	4	4	4	4	4
4	4	4	4	4	4	4	4	3	3	4	4


Home and Away vertical sequence for each team number.
Runs of 3: 25
.	.	H	H	H	.	.	.	H	.	.	.	.	.	.	.	H	H	H	H	H	H	H	H
H	.	.	.	.	.	.	.	.	H	H	H	H	H	H	H	H	H	H	H	.	.	.	.
.	H	.	H	H	H	H	H	H	H	H	H	H	.	.	.	.	.	.	.	.	.	.	H
H	H	H	H	H	H	H	.	.	.	.	.	.	.	.	.	.	.	.	H	H	H	H	H
H	.	.	.	.	.	.	.	.	.	.	H	H	H	H	H	H	H	H	H	H	H	.	.
.	.	.	.	.	.	H	H	H	H	H	H	H	H	H	H	H	.	H	.	.	.	.	.
H	H	H	H	H	H	H	H	H	H	.	.	.	.	.	.	.	.	.	.	.	.	H	H
.	H	H	.	.	.	.	.	.	.	H	.	.	.	H	H	H	H	.	H	H	H	H	H
H	.	.	.	.	.	.	.	H	H	H	H	H	H	H	H	H	H	H	.	.	.	.	.
H	H	H	H	H	H	H	H	.	.	.	.	.	.	.	.	.	.	.	.	H	H	H	H
.	.	.	.	.	H	H	H	H	H	H	H	H	H	.	H	H	.	.	H	.	.	.	.
.	H	H	H	.	H	.	H	.	.	.	.	.	.	.	.	.	H	H	H	H	H	H	H
H	H	H	H	H	H	H	H	H	H	H	H	.	.	.	.	.	.	.	.	.	.	.	.
H	.	.	.	.	.	.	.	.	.	H	H	H	H	H	H	H	H	H	H	H	.	.	.
H	H	H	H	H	H	H	H	H	.	.	.	.	.	.	.	.	.	.	.	.	H	H	H
.	.	.	.	H	H	H	H	H	H	H	.	H	H	H	H	.	.	.	.	H	.	.	.
.	H	.	.	.	.	.	.	.	.	.	H	.	H	H	.	H	H	H	H	H	H	H	H
.	H	H	H	.	.	.	.	.	H	.	.	.	.	.	H	H	H	H	H	H	.	H	H
.	.	.	H	H	H	H	H	.	H	H	H	H	H	H	.	.	.	.	.	.	H	.	.
H	.	.	.	.	.	.	.	.	.	.	.	H	H	H	H	H	H	H	H	H	H	H	.
H	H	H	H	H	H	H	H	H	H	H	.	.	.	.	.	.	.	.	.	.	.	.	H
.	.	H	H	H	.	H	H	H	H	H	H	H	H	.	.	.	.	.	.	.	.	H	.
H	.	.	.	.	.	.	.	.	.	.	.	.	H	H	H	H	H	H	H	H	H	H	H
H	H	.	.	.	H	H	H	.	H	H	H	H	H	H	H	.	.	.	.	.	.	.	.
.	H	H	H	H	H	H	H	H	.	.	.	.	.	.	.	.	.	.	.	H	H	H	H
H	.	H	.	.	.	.	.	.	.	.	.	.	H	H	H	H	H	H	H	H	H	H	.
.	.	.	.	.	.	.	H	H	H	H	H	H	H	H	H	H	H	H	.	.	.	.	.
.	H	H	H	H	H	H	H	H	H	H	.	.	.	.	.	.	.	.	.	.	.	H	H
H	H	H	H	H	H	.	.	.	.	.	.	.	.	.	.	.	H	.	H	H	H	H	H
.	.	.	.	.	.	.	.	.	.	H	H	H	H	H	H	H	H	H	H	H	H	.	.
H	.	.	H	H	H	H	H	H	H	.	H	H	H	.	.	.	.	H	.	.	.	.	.
.	H	H	H	H	H	H	H	.	.	.	.	.	.	.	.	.	.	.	H	H	H	H	H
.	.	.	.	.	.	.	.	H	H	H	H	H	H	H	H	H	H	H	H	.	.	.	.
H	H	H	H	H	.	.	.	.	.	.	.	.	.	H	.	.	H	H	.	H	H	H	H
H	.	.	.	H	.	H	.	H	H	H	H	H	H	H	H	H	.	.	.	.	.	.	.
.	.	.	.	.	.	.	.	.	.	.	.	H	H	H	H	H	H	H	H	H	H	H	H
.	H	H	H	H	H	H	H	H	H	.	.	.	.	.	.	.	.	.	.	.	H	H	H
.	.	.	.	.	.	.	.	.	H	H	H	H	H	H	H	H	H	H	H	H	.	.	.
H	H	H	H	.	.	.	.	.	.	.	H	.	.	.	.	H	H	H	H	.	H	H	H
H	.	H	H	H	H	H	H	H	H	H	.	H	.	.	H	.	.	.	.	.	.	.	.
H	.	.	.	H	H	H	H	H	.	H	H	H	H	H	.	.	.	.	.	.	H	.	.
H	H	H	.	.	.	.	.	H	.	.	.	.	.	.	H	H	H	H	H	H	.	H	H
.	H	H	H	H	H	H	H	H	H	H	H	.	.	.	.	.	.	.	.	.	.	.	H
.	.	.	.	.	.	.	.	.	.	.	H	H	H	H	H	H	H	H	H	H	H	H	.
H	H	.	.	.	H	.	.	.	.	.	.	.	.	H	H	H	H	H	H	H	H	.	H
.	H	H	H	H	H	H	H	H	H	H	H	H	.	.	.	.	.	.	.	.	.	.	.

Opponents by round:
1:	17	9	2	19	11	7	22	15	8	20	6	18	24	10	21	5	14	16	4	12	23	3	13	17	9	2	19	11	7	22	15	8	20	6	18	24	10	21	5	14	16	4	12	23	3	13
2:	9	16	1	13	20	12	19	5	14	15	10	11	23	18	17	8	3	7	6	22	21	4	24	9	16	1	13	20	12	19	5	14	15	10	11	23	18	17	8	3	7	6	22	21	4	24
3:	8	15	24	12	19	11	18	4	13	14	9	10	22	17	16	7	2	6	5	21	20	1	23	8	15	24	12	19	11	18	4	13	14	9	10	22	17	16	7	2	6	5	21	20	1	23
4:	7	14	23	11	18	10	17	3	12	13	8	9	21	16	15	6	24	5	1	20	19	2	22	7	14	23	11	18	10	17	3	12	13	8	9	21	16	15	6	24	5	1	20	19	2	22
5:	6	13	22	10	17	9	16	2	11	12	7	8	20	15	14	1	23	4	3	19	18	24	21	6	13	22	10	17	9	16	2	11	12	7	8	20	15	14	1	23	4	3	19	18	24	21
6:	5	12	21	9	16	8	15	24	10	11	1	7	19	14	13	4	22	3	2	18	17	23	20	5	12	21	9	16	8	15	24	10	11	1	7	19	14	13	4	22	3	2	18	17	23	20
7:	4	11	20	8	15	1	14	23	9	10	5	6	18	13	12	3	21	2	24	17	16	22	19	4	11	20	8	15	1	14	23	9	10	5	6	18	13	12	3	21	2	24	17	16	22	19
8:	3	10	19	7	14	6	13	22	1	9	4	5	17	12	11	2	20	24	23	16	15	21	18	3	10	19	7	14	6	13	22	1	9	4	5	17	12	11	2	20	24	23	16	15	21	18
9:	2	1	18	6	13	5	12	21	7	8	3	4	16	11	10	24	19	23	22	15	14	20	17	2	1	18	6	13	5	12	21	7	8	3	4	16	11	10	24	19	23	22	15	14	20	17
10:	24	8	17	5	12	4	11	20	6	7	2	3	15	1	9	23	18	22	21	14	13	19	16	24	8	17	5	12	4	11	20	6	7	2	3	15	1	9	23	18	22	21	14	13	19	16
11:	23	7	16	4	1	3	10	19	5	6	24	2	14	9	8	22	17	21	20	13	12	18	15	23	7	16	4	1	3	10	19	5	6	24	2	14	9	8	22	17	21	20	13	12	18	15
12:	22	6	15	3	10	2	9	18	4	5	23	24	13	8	7	21	16	20	19	1	11	17	14	22	6	15	3	10	2	9	18	4	5	23	24	13	8	7	21	16	20	19	1	11	17	14
13:	21	5	14	2	9	24	8	17	3	4	22	23	12	7	6	20	15	19	18	11	10	16	1	21	5	14	2	9	24	8	17	3	4	22	23	12	7	6	20	15	19	18	11	10	16	1
14:	20	4	13	24	8	23	7	16	2	3	21	22	11	6	5	19	1	18	17	10	9	15	12	20	4	13	24	8	23	7	16	2	3	21	22	11	6	5	19	1	18	17	10	9	15	12
15:	19	3	12	23	7	22	6	1	24	2	20	21	10	5	4	18	13	17	16	9	8	14	11	19	3	12	23	7	22	6	1	24	2	20	21	10	5	4	18	13	17	16	9	8	14	11
16:	18	2	11	22	6	21	5	14	23	24	19	20	9	4	3	17	12	1	15	8	7	13	10	18	2	11	22	6	21	5	14	23	24	19	20	9	4	3	17	12	1	15	8	7	13	10
17:	1	24	10	21	5	20	4	13	22	23	18	19	8	3	2	16	11	15	14	7	6	12	9	1	24	10	21	5	20	4	13	22	23	18	19	8	3	2	16	11	15	14	7	6	12	9
18:	16	23	9	20	4	19	3	12	21	22	17	1	7	2	24	15	10	14	13	6	5	11	8	16	23	9	20	4	19	3	12	21	22	17	1	7	2	24	15	10	14	13	6	5	11	8
19:	15	22	8	1	3	18	2	11	20	21	16	17	6	24	23	14	9	13	12	5	4	10	7	15	22	8	1	3	18	2	11	20	21	16	17	6	24	23	14	9	13	12	5	4	10	7
20:	14	21	7	18	2	17	24	10	19	1	15	16	5	23	22	13	8	12	11	4	3	9	6	14	21	7	18	2	17	24	10	19	1	15	16	5	23	22	13	8	12	11	4	3	9	6
21:	13	20	6	17	24	16	23	9	18	19	14	15	4	22	1	12	7	11	10	3	2	8	5	13	20	6	17	24	16	23	9	18	19	14	15	4	22	1	12	7	11	10	3	2	8	5
22:	12	19	5	16	23	15	1	8	17	18	13	14	3	21	20	11	6	10	9	2	24	7	4	12	19	5	16	23	15	1	8	17	18	13	14	3	21	20	11	6	10	9	2	24	7	4
23:	11	18	4	15	22	14	21	7	16	17	12	13	2	20	19	10	5	9	8	24	1	6	3	11	18	4	15	22	14	21	7	16	17	12	13	2	20	19	10	5	9	8	24	1	6	3
24:	10	17	3	14	21	13	20	6	15	16	11	12	1	19	18	9	4	8	7	23	22	5	2	10	17	3	14	21	13	20	6	15	16	11	12	1	19	18	9	4	8	7	23	22	5	2

