Fixture analysis. 20B

Single round robin Fixture grid.
12	8	11	9	1	10	13	7	14	6	15	5	16	4	17	3	18	2	19	20
2	19	1	20	3	18	4	17	5	16	6	15	7	14	8	13	9	12	10	11
7	4	16	14	17	13	18	12	19	11	20	10	2	9	3	8	15	1	5	6
13	5	10	8	11	7	12	6	1	9	14	4	15	3	16	2	17	20	18	19
20	3	2	1	4	19	5	18	6	17	7	16	8	15	9	14	10	13	11	12
5	10	18	16	19	15	20	14	2	13	3	12	4	11	1	17	6	9	7	8
14	2	9	7	10	6	11	5	12	4	13	3	1	8	15	20	16	19	17	18
17	12	6	4	7	3	8	2	9	20	10	19	11	18	5	1	13	16	14	15
6	7	17	15	18	14	19	13	20	12	2	11	3	10	4	9	5	8	1	16
9	17	14	12	15	11	16	10	13	1	18	8	19	7	20	6	2	5	3	4
18	9	5	3	6	2	7	20	8	19	4	1	10	17	11	16	12	15	13	14
8	20	15	13	16	12	17	11	18	10	19	9	14	1	2	7	3	6	4	5
15	18	8	6	9	5	10	4	11	3	12	2	13	20	14	19	1	7	16	17
4	13	19	17	20	16	2	15	3	14	1	18	5	12	6	11	7	10	8	9
10	14	13	11	12	1	15	9	16	8	17	7	18	6	19	5	20	4	2	3
16	15	7	5	8	4	9	3	10	2	11	20	12	19	13	18	14	17	6	1
3	16	20	18	2	17	1	19	4	15	5	14	6	13	7	12	8	11	9	10
1	11	12	10	13	9	14	8	15	7	16	6	17	5	18	4	19	3	20	2
19	6	4	2	5	20	3	1	7	18	8	17	9	16	10	15	11	14	12	13


Double round robin Fixture grid.
12	8	11	9	1	10	13	7	14	6	15	5	16	4	17	3	18	2	19	20
2	19	1	20	3	18	4	17	5	16	6	15	7	14	8	13	9	12	10	11
7	4	16	14	17	13	18	12	19	11	20	10	2	9	3	8	15	1	5	6
13	5	10	8	11	7	12	6	1	9	14	4	15	3	16	2	17	20	18	19
20	3	2	1	4	19	5	18	6	17	7	16	8	15	9	14	10	13	11	12
5	10	18	16	19	15	20	14	2	13	3	12	4	11	1	17	6	9	7	8
14	2	9	7	10	6	11	5	12	4	13	3	1	8	15	20	16	19	17	18
17	12	6	4	7	3	8	2	9	20	10	19	11	18	5	1	13	16	14	15
6	7	17	15	18	14	19	13	20	12	2	11	3	10	4	9	5	8	1	16
9	17	14	12	15	11	16	10	13	1	18	8	19	7	20	6	2	5	3	4
18	9	5	3	6	2	7	20	8	19	4	1	10	17	11	16	12	15	13	14
8	20	15	13	16	12	17	11	18	10	19	9	14	1	2	7	3	6	4	5
15	18	8	6	9	5	10	4	11	3	12	2	13	20	14	19	1	7	16	17
4	13	19	17	20	16	2	15	3	14	1	18	5	12	6	11	7	10	8	9
10	14	13	11	12	1	15	9	16	8	17	7	18	6	19	5	20	4	2	3
16	15	7	5	8	4	9	3	10	2	11	20	12	19	13	18	14	17	6	1
3	16	20	18	2	17	1	19	4	15	5	14	6	13	7	12	8	11	9	10
1	11	12	10	13	9	14	8	15	7	16	6	17	5	18	4	19	3	20	2
19	6	4	2	5	20	3	1	7	18	8	17	9	16	10	15	11	14	12	13
20	19	8	12	9	11	10	1	7	13	6	14	5	15	4	16	3	17	2	18
11	10	19	2	20	1	18	3	17	4	16	5	15	6	14	7	13	8	12	9
6	5	4	7	14	16	13	17	12	18	11	19	10	20	9	2	8	3	1	15
19	18	5	13	8	10	7	11	6	12	9	1	4	14	3	15	2	16	20	17
12	11	3	20	1	2	19	4	18	5	17	6	16	7	15	8	14	9	13	10
8	7	10	5	16	18	15	19	14	20	13	2	12	3	11	4	17	1	9	6
18	17	2	14	7	9	6	10	5	11	4	12	3	13	8	1	20	15	19	16
15	14	12	17	4	6	3	7	2	8	20	9	19	10	18	11	1	5	16	13
16	1	7	6	15	17	14	18	13	19	12	20	11	2	10	3	9	4	8	5
4	3	17	9	12	14	11	15	10	16	1	13	8	18	7	19	6	20	5	2
14	13	9	18	3	5	2	6	20	7	19	8	1	4	17	10	16	11	15	12
5	4	20	8	13	15	12	16	11	17	10	18	9	19	1	14	7	2	6	3
17	16	18	15	6	8	5	9	4	10	3	11	2	12	20	13	19	14	7	1
9	8	13	4	17	19	16	20	15	2	14	3	18	1	12	5	11	6	10	7
3	2	14	10	11	13	1	12	9	15	8	16	7	17	6	18	5	19	4	20
1	6	15	16	5	7	4	8	3	9	2	10	20	11	19	12	18	13	17	14
10	9	16	3	18	20	17	2	19	1	15	4	14	5	13	6	12	7	11	8
2	20	11	1	10	12	9	13	8	14	7	15	6	16	5	17	4	18	3	19
13	12	6	19	2	4	20	5	1	3	18	7	17	8	16	9	15	10	14	11


Home and Away position count. Row number = index.
Counts of 1 are expected. They occur when the team number is only Home (or Away) once on that table in a single round robin fixture.
Counts of non 1 in a round robin fixture:  20
1	0	1	1	1	1	1	1	1	1	1	1	1	1	1	1	1	1	1	1
1	1	1	1	1	1	1	1	1	1	1	1	1	0	1	1	1	1	1	1
1	1	0	1	1	1	1	1	1	1	1	1	1	1	1	1	1	1	1	1
1	1	1	1	1	1	1	1	1	1	1	1	1	1	1	1	0	1	1	1
1	1	1	1	1	1	1	1	1	0	1	1	1	1	1	1	1	1	1	1
1	1	1	1	1	1	0	1	1	1	1	1	1	1	1	1	1	1	1	1
1	1	1	1	1	1	1	1	1	1	1	1	1	1	1	1	1	1	1	0
1	1	1	1	1	0	1	1	1	1	1	1	1	1	1	1	1	1	1	1
1	1	1	1	1	1	1	1	1	1	0	1	1	1	1	1	1	1	1	1
1	1	1	1	1	1	1	1	1	1	1	1	1	1	1	0	1	1	1	1
0	1	1	1	1	1	1	1	1	1	1	1	1	1	1	1	1	1	1	1
1	1	1	1	1	1	1	1	1	1	1	1	1	1	0	1	1	1	1	1
1	1	1	1	1	1	1	1	1	1	1	0	1	1	1	1	1	1	1	1
1	1	1	1	0	1	1	1	1	1	1	1	1	1	1	1	1	1	1	1
1	1	1	1	1	1	1	1	1	1	1	1	1	1	1	1	1	1	0	1
1	1	1	1	1	1	1	0	1	1	1	1	1	1	1	1	1	1	1	1
1	1	1	1	1	1	1	1	0	1	1	1	1	1	1	1	1	1	1	1
1	1	1	1	1	1	1	1	1	1	1	1	1	1	1	1	1	0	1	1
1	1	1	0	1	1	1	1	1	1	1	1	1	1	1	1	1	1	1	1
1	1	1	1	1	1	1	1	1	1	1	1	0	1	1	1	1	1	1	1


Match/Table count. Row number = index.
Counts of 3 or 4 are expected. They occur when the team numbers plays on that table in a double round robin fixture.
Counts of non 3 or 4 in a double round robin fixture:  0
3	3	4	4	4	4	4	4	4	4
4	4	4	4	4	4	3	3	4	4
4	3	3	4	4	4	4	4	4	4
4	4	4	4	4	4	4	4	3	3
4	4	4	4	3	3	4	4	4	4
4	4	4	3	3	4	4	4	4	4
3	4	4	4	4	4	4	4	4	3
4	4	3	3	4	4	4	4	4	4
4	4	4	4	4	3	3	4	4	4
4	4	4	4	4	4	4	3	3	4
3	3	4	4	4	4	4	4	4	4
4	4	4	4	4	4	4	3	3	4
4	4	4	4	4	3	3	4	4	4
4	4	3	3	4	4	4	4	4	4
3	4	4	4	4	4	4	4	4	3
4	4	4	3	3	4	4	4	4	4
4	4	4	4	3	3	4	4	4	4
4	4	4	4	4	4	4	4	3	3
4	3	3	4	4	4	4	4	4	4
4	4	4	4	4	4	3	3	4	4


Home and Away vertical sequence for each team number.
Runs of 3: 17
H	.	.	.	.	.	.	.	.	.	H	H	H	H	H	H	H	H	H	.
H	H	H	H	H	H	H	H	H	H	.	.	.	.	.	.	.	.	.	.
.	H	H	.	H	.	H	.	.	.	.	.	.	.	H	H	H	H	H	H
H	.	.	.	.	.	.	.	.	H	H	H	H	H	H	H	H	H	.	.
.	H	.	H	H	H	H	H	H	H	H	.	.	.	.	.	.	.	.	H
H	H	H	H	H	H	H	.	.	.	.	.	.	.	.	.	.	H	H	H
H	.	.	.	.	.	.	.	H	H	H	H	H	H	H	H	H	.	.	.
.	.	.	.	H	H	H	H	H	H	H	.	H	H	.	.	H	.	.	.
H	H	H	H	H	H	.	.	.	.	.	.	.	.	.	.	H	H	H	H
.	H	H	.	.	.	.	.	H	.	.	.	H	H	H	H	.	H	H	H
.	.	.	H	H	H	H	H	.	H	H	H	H	.	.	.	.	H	.	.
.	H	H	H	.	.	.	H	.	.	.	.	.	H	H	H	H	H	H	.
H	.	.	.	.	.	.	H	H	H	H	H	H	H	H	H	.	.	.	.
H	H	H	H	H	H	H	H	.	.	.	.	.	.	.	.	.	.	H	H
.	H	.	.	.	.	.	.	.	H	.	H	H	.	H	H	H	H	H	H
.	.	.	.	.	H	H	H	H	H	H	H	H	H	.	H	.	.	.	.
H	H	H	H	H	H	H	H	H	.	.	.	.	.	.	.	.	.	.	H
H	.	.	.	.	.	.	.	.	.	.	H	H	H	H	H	H	H	H	H
.	.	H	H	H	.	H	H	H	H	H	H	.	.	.	.	.	.	H	.
.	H	H	H	H	H	H	H	H	H	.	.	.	.	.	.	.	.	.	H
.	.	.	.	.	.	.	.	.	.	H	H	H	H	H	H	H	H	H	H
H	.	.	H	.	H	.	H	H	H	H	H	H	H	.	.	.	.	.	.
.	H	H	H	H	H	H	H	H	.	.	.	.	.	.	.	.	.	H	H
H	.	H	.	.	.	.	.	.	.	.	H	H	H	H	H	H	H	H	.
.	.	.	.	.	.	.	H	H	H	H	H	H	H	H	H	H	.	.	.
.	H	H	H	H	H	H	H	.	.	.	.	.	.	.	.	.	H	H	H
H	H	H	H	.	.	.	.	.	.	.	H	.	.	H	H	.	H	H	H
.	.	.	.	.	.	H	H	H	H	H	H	H	H	H	H	.	.	.	.
H	.	.	H	H	H	H	H	.	H	H	H	.	.	.	.	H	.	.	.
H	H	H	.	.	.	.	.	H	.	.	.	.	H	H	H	H	.	H	H
H	.	.	.	H	H	H	.	H	H	H	H	H	.	.	.	.	.	.	H
.	H	H	H	H	H	H	.	.	.	.	.	.	.	.	.	H	H	H	H
.	.	.	.	.	.	.	.	H	H	H	H	H	H	H	H	H	H	.	.
H	.	H	H	H	H	H	H	H	.	H	.	.	H	.	.	.	.	.	.
H	H	H	H	H	.	.	.	.	.	.	.	.	.	H	.	H	H	H	H
.	.	.	.	.	.	.	.	.	H	H	H	H	H	H	H	H	H	H	.
.	H	H	H	H	H	H	H	H	H	H	.	.	.	.	.	.	.	.	.
H	H	.	.	.	H	.	.	.	.	.	.	H	H	H	H	H	H	.	H

Opponents by round:
1:	10	20	15	9	2	17	8	5	16	13	4	14	7	18	12	6	19	11	3	10	20	15	9	2	17	8	5	16	13	4	14	7	18	12	6	19	11	3
2:	18	19	9	16	1	13	14	8	11	5	6	7	12	15	3	10	17	20	4	18	19	9	16	1	13	14	8	11	5	6	7	12	15	3	10	17	20	4
3:	17	18	8	15	20	12	13	7	10	4	5	6	11	14	2	9	16	19	1	17	18	8	15	20	12	13	7	10	4	5	6	11	14	2	9	16	19	1
4:	16	17	7	14	19	11	12	6	9	3	1	5	10	13	20	8	15	18	2	16	17	7	14	19	11	12	6	9	3	1	5	10	13	20	8	15	18	2
5:	15	16	6	13	18	10	11	1	8	2	3	4	9	12	19	7	14	17	20	15	16	6	13	18	10	11	1	8	2	3	4	9	12	19	7	14	17	20
6:	14	15	5	12	17	9	10	4	7	20	2	3	8	11	18	1	13	16	19	14	15	5	12	17	9	10	4	7	20	2	3	8	11	18	1	13	16	19
7:	13	14	4	11	16	8	9	3	6	19	20	2	1	10	17	5	12	15	18	13	14	4	11	16	8	9	3	6	19	20	2	1	10	17	5	12	15	18
8:	12	13	3	10	15	7	1	2	5	18	19	20	6	9	16	4	11	14	17	12	13	3	10	15	7	1	2	5	18	19	20	6	9	16	4	11	14	17
9:	11	12	2	1	14	6	7	20	4	17	18	19	5	8	15	3	10	13	16	11	12	2	1	14	6	7	20	4	17	18	19	5	8	15	3	10	13	16
10:	1	11	20	8	13	5	6	19	3	16	17	18	4	7	14	2	9	12	15	1	11	20	8	13	5	6	19	3	16	17	18	4	7	14	2	9	12	15
11:	9	10	19	7	12	4	5	18	2	15	16	17	3	6	13	20	8	1	14	9	10	19	7	12	4	5	18	2	15	16	17	3	6	13	20	8	1	14
12:	8	9	18	6	11	3	4	17	20	14	15	16	2	5	1	19	7	10	13	8	9	18	6	11	3	4	17	20	14	15	16	2	5	1	19	7	10	13
13:	7	8	17	5	10	2	3	16	19	1	14	15	20	4	11	18	6	9	12	7	8	17	5	10	2	3	16	19	1	14	15	20	4	11	18	6	9	12
14:	6	7	16	4	9	20	2	15	18	12	13	1	19	3	10	17	5	8	11	6	7	16	4	9	20	2	15	18	12	13	1	19	3	10	17	5	8	11
15:	5	6	1	3	8	19	20	14	17	11	12	13	18	2	9	16	4	7	10	5	6	1	3	8	19	20	14	17	11	12	13	18	2	9	16	4	7	10
16:	4	5	14	2	7	18	19	13	1	10	11	12	17	20	8	15	3	6	9	4	5	14	2	7	18	19	13	1	10	11	12	17	20	8	15	3	6	9
17:	3	4	13	20	6	1	18	12	15	9	10	11	16	19	7	14	2	5	8	3	4	13	20	6	1	18	12	15	9	10	11	16	19	7	14	2	5	8
18:	2	3	12	19	5	16	17	11	14	8	9	10	15	1	6	13	20	4	7	2	3	12	19	5	16	17	11	14	8	9	10	15	1	6	13	20	4	7
19:	20	2	11	18	4	15	16	10	13	7	8	9	14	17	5	12	1	3	6	20	2	11	18	4	15	16	10	13	7	8	9	14	17	5	12	1	3	6
20:	19	1	10	17	3	14	15	9	12	6	7	8	13	16	4	11	18	2	5	19	1	10	17	3	14	15	9	12	6	7	8	13	16	4	11	18	2	5

