Fixture analysis. 15

Single round robin Fixture grid.
1	14	13	2	3	12	11	4	5	10	9	6	7	8	16	15
15	13	12	1	2	11	10	3	4	9	8	5	6	7	14	16
14	12	11	15	1	10	9	2	3	8	7	4	5	6	16	13
13	11	10	14	15	9	8	1	2	7	6	3	4	5	12	16
12	10	9	13	14	8	7	15	1	6	5	2	3	4	16	11
11	9	8	12	13	7	6	14	15	5	4	1	2	3	10	16
10	8	7	11	12	6	5	13	14	4	3	15	1	2	16	9
9	7	6	10	11	5	4	12	13	3	2	14	15	1	8	16
8	6	5	9	10	4	3	11	12	2	1	13	14	15	16	7
7	5	4	8	9	3	2	10	11	1	15	12	13	14	6	16
6	4	3	7	8	2	1	9	10	15	14	11	12	13	16	5
5	3	2	6	7	1	15	8	9	14	13	10	11	12	4	16
4	2	1	5	6	15	14	7	8	13	12	9	10	11	16	3
3	1	15	4	5	14	13	6	7	12	11	8	9	10	2	16
15	2	14	3	4	13	12	5	6	11	10	7	8	9	1	16


Double round robin Fixture grid.
1	14	13	2	3	12	11	4	5	10	9	6	7	8	16	15
15	13	12	1	2	11	10	3	4	9	8	5	6	7	14	16
14	12	11	15	1	10	9	2	3	8	7	4	5	6	16	13
13	11	10	14	15	9	8	1	2	7	6	3	4	5	12	16
12	10	9	13	14	8	7	15	1	6	5	2	3	4	16	11
11	9	8	12	13	7	6	14	15	5	4	1	2	3	10	16
10	8	7	11	12	6	5	13	14	4	3	15	1	2	16	9
9	7	6	10	11	5	4	12	13	3	2	14	15	1	8	16
8	6	5	9	10	4	3	11	12	2	1	13	14	15	16	7
7	5	4	8	9	3	2	10	11	1	15	12	13	14	6	16
6	4	3	7	8	2	1	9	10	15	14	11	12	13	16	5
5	3	2	6	7	1	15	8	9	14	13	10	11	12	4	16
4	2	1	5	6	15	14	7	8	13	12	9	10	11	16	3
3	1	15	4	5	14	13	6	7	12	11	8	9	10	2	16
15	2	14	3	4	13	12	5	6	11	10	7	8	9	1	16
14	1	2	13	12	3	4	11	10	5	6	9	8	7	15	16
13	15	1	12	11	2	3	10	9	4	5	8	7	6	16	14
12	14	15	11	10	1	2	9	8	3	4	7	6	5	13	16
11	13	14	10	9	15	1	8	7	2	3	6	5	4	16	12
10	12	13	9	8	14	15	7	6	1	2	5	4	3	11	16
9	11	12	8	7	13	14	6	5	15	1	4	3	2	16	10
8	10	11	7	6	12	13	5	4	14	15	3	2	1	9	16
7	9	10	6	5	11	12	4	3	13	14	2	1	15	16	8
6	8	9	5	4	10	11	3	2	12	13	1	15	14	7	16
5	7	8	4	3	9	10	2	1	11	12	15	14	13	16	6
4	6	7	3	2	8	9	1	15	10	11	14	13	12	5	16
3	5	6	2	1	7	8	15	14	9	10	13	12	11	16	4
2	4	5	1	15	6	7	14	13	8	9	12	11	10	3	16
1	3	4	15	14	5	6	13	12	7	8	11	10	9	16	2
2	15	3	14	13	4	5	12	11	6	7	10	9	8	16	1


Home and Away position count. Row number = index.
Counts of 1 are expected. They occur when the team number is only Home (or Away) once on that table in a single round robin fixture.
Counts of non 1 in a round robin fixture:  35
1	1	1	1	1	1	1	1	1	1	1	1	1	1	1	0
0	2	1	1	1	1	1	1	1	1	1	1	1	1	1	0
1	1	1	1	1	1	1	1	1	1	1	1	1	1	0	1
1	1	1	1	1	1	1	1	1	1	1	1	1	1	1	0
1	1	1	1	1	1	1	1	1	1	1	1	1	1	0	1
1	1	1	1	1	1	1	1	1	1	1	1	1	1	1	0
1	1	1	1	1	1	1	1	1	1	1	1	1	1	0	1
1	1	1	1	1	1	1	1	1	1	1	1	1	1	1	0
1	1	1	1	1	1	1	1	1	1	1	1	1	1	0	1
1	1	1	1	1	1	1	1	1	1	1	1	1	1	1	0
1	1	1	1	1	1	1	1	1	1	1	1	1	1	0	1
1	1	1	1	1	1	1	1	1	1	1	1	1	1	1	0
1	1	1	1	1	1	1	1	1	1	1	1	1	1	0	1
1	1	1	1	1	1	1	1	1	1	1	1	1	1	1	0
2	0	1	1	1	1	1	1	1	1	1	1	1	1	0	1
0	0	0	0	0	0	0	0	0	0	0	0	0	0	7	8


Match/Table count. Row number = index.
Counts of 3 or 4 are expected. They occur when the team numbers plays on that table in a double round robin fixture.
Counts of non 3 or 4 in a double round robin fixture:  23
4	4	4	4	4	4	4	2
4	4	4	4	4	4	4	2
4	4	4	4	4	4	4	2
4	4	4	4	4	4	4	2
4	4	4	4	4	4	4	2
4	4	4	4	4	4	4	2
4	4	4	4	4	4	4	2
4	4	4	4	4	4	4	2
4	4	4	4	4	4	4	2
4	4	4	4	4	4	4	2
4	4	4	4	4	4	4	2
4	4	4	4	4	4	4	2
4	4	4	4	4	4	4	2
4	4	4	4	4	4	4	2
4	4	4	4	4	4	4	2
0	0	0	0	0	0	0	30


Home and Away vertical sequence for each team number.
Runs of 3: 2
H	.	H	.	H	.	H	.	H	.	H	.	H	.	.	H
.	H	.	H	.	H	.	H	.	H	.	H	.	H	H	.
H	.	H	.	H	.	H	.	H	.	H	.	.	H	.	H
.	H	.	H	.	H	.	H	.	H	.	H	H	.	H	.
H	.	H	.	H	.	H	.	H	.	.	H	.	H	.	H
.	H	.	H	.	H	.	H	.	H	H	.	H	.	H	.
H	.	H	.	H	.	H	.	.	H	.	H	.	H	.	H
.	H	.	H	.	H	.	H	H	.	H	.	H	.	H	.
H	.	H	.	H	.	.	H	.	H	.	H	.	H	.	H
.	H	.	H	.	H	H	.	H	.	H	.	H	.	H	.
H	.	H	.	.	H	.	H	.	H	.	H	.	H	.	H
.	H	.	H	H	.	H	.	H	.	H	.	H	.	H	.
H	.	.	H	.	H	.	H	.	H	.	H	.	H	.	H
.	H	H	.	H	.	H	.	H	.	H	.	H	.	H	.
H	.	.	H	.	H	.	H	.	H	.	H	.	H	H	.
.	H	.	H	.	H	.	H	.	H	.	H	.	H	H	.
H	.	H	.	H	.	H	.	H	.	H	.	H	.	.	H
.	H	.	H	.	H	.	H	.	H	.	H	H	.	H	.
H	.	H	.	H	.	H	.	H	.	H	.	.	H	.	H
.	H	.	H	.	H	.	H	.	H	H	.	H	.	H	.
H	.	H	.	H	.	H	.	H	.	.	H	.	H	.	H
.	H	.	H	.	H	.	H	H	.	H	.	H	.	H	.
H	.	H	.	H	.	H	.	.	H	.	H	.	H	.	H
.	H	.	H	.	H	H	.	H	.	H	.	H	.	H	.
H	.	H	.	H	.	.	H	.	H	.	H	.	H	.	H
.	H	.	H	H	.	H	.	H	.	H	.	H	.	H	.
H	.	H	.	.	H	.	H	.	H	.	H	.	H	.	H
.	H	H	.	H	.	H	.	H	.	H	.	H	.	H	.
H	.	.	H	.	H	.	H	.	H	.	H	.	H	.	H
.	H	H	.	H	.	H	.	H	.	H	.	H	.	.	H

Opponents by round:
1:	14	12	10	8	6	4	2	15	13	11	9	7	5	3	16	14	12	10	8	6	4	2	15	13	11	9	7	5	3	16
2:	13	11	9	7	5	3	1	14	12	10	8	6	4	16	15	13	11	9	7	5	3	1	14	12	10	8	6	4	16	15
3:	12	10	8	6	4	2	15	13	11	9	7	5	16	1	14	12	10	8	6	4	2	15	13	11	9	7	5	16	1	14
4:	11	9	7	5	3	1	14	12	10	8	6	16	2	15	13	11	9	7	5	3	1	14	12	10	8	6	16	2	15	13
5:	10	8	6	4	2	15	13	11	9	7	16	3	1	14	12	10	8	6	4	2	15	13	11	9	7	16	3	1	14	12
6:	9	7	5	3	1	14	12	10	8	16	4	2	15	13	11	9	7	5	3	1	14	12	10	8	16	4	2	15	13	11
7:	8	6	4	2	15	13	11	9	16	5	3	1	14	12	10	8	6	4	2	15	13	11	9	16	5	3	1	14	12	10
8:	7	5	3	1	14	12	10	16	6	4	2	15	13	11	9	7	5	3	1	14	12	10	16	6	4	2	15	13	11	9
9:	6	4	2	15	13	11	16	7	5	3	1	14	12	10	8	6	4	2	15	13	11	16	7	5	3	1	14	12	10	8
10:	5	3	1	14	12	16	8	6	4	2	15	13	11	9	7	5	3	1	14	12	16	8	6	4	2	15	13	11	9	7
11:	4	2	15	13	16	9	7	5	3	1	14	12	10	8	6	4	2	15	13	16	9	7	5	3	1	14	12	10	8	6
12:	3	1	14	16	10	8	6	4	2	15	13	11	9	7	5	3	1	14	16	10	8	6	4	2	15	13	11	9	7	5
13:	2	15	16	11	9	7	5	3	1	14	12	10	8	6	4	2	15	16	11	9	7	5	3	1	14	12	10	8	6	4
14:	1	16	12	10	8	6	4	2	15	13	11	9	7	5	3	1	16	12	10	8	6	4	2	15	13	11	9	7	5	3
15:	16	13	11	9	7	5	3	1	14	12	10	8	6	4	2	16	13	11	9	7	5	3	1	14	12	10	8	6	4	2
16:	15	14	13	12	11	10	9	8	7	6	5	4	3	2	1	15	14	13	12	11	10	9	8	7	6	5	4	3	2	1

