Fixture analysis. 14_14

Single round robin Fixture grid.
1	2	4	3	5	6	8	7	9	10	12	11	13	14
2	4	6	1	3	8	10	5	7	12	13	9	14	11
4	6	8	2	1	10	12	3	5	13	11	7	9	14
6	8	10	4	2	12	13	1	3	11	9	5	14	7
8	10	12	6	4	13	11	2	1	9	7	3	5	14
10	12	13	8	6	11	9	4	2	7	5	1	14	3
12	13	11	10	8	9	7	6	4	5	3	2	1	14
13	11	9	12	10	7	5	8	6	3	1	4	14	2
11	9	7	13	12	5	3	10	8	1	2	6	4	14
9	7	5	11	13	3	1	12	10	2	4	8	14	6
7	5	3	9	11	1	2	13	12	4	6	10	8	14
5	3	1	7	9	2	4	11	13	6	8	12	14	10
3	1	2	5	7	4	6	9	11	8	10	13	12	14


Double round robin Fixture grid.
1	2	4	3	5	6	8	7	9	10	12	11	13	14
2	4	6	1	3	8	10	5	7	12	13	9	14	11
4	6	8	2	1	10	12	3	5	13	11	7	9	14
6	8	10	4	2	12	13	1	3	11	9	5	14	7
8	10	12	6	4	13	11	2	1	9	7	3	5	14
10	12	13	8	6	11	9	4	2	7	5	1	14	3
12	13	11	10	8	9	7	6	4	5	3	2	1	14
13	11	9	12	10	7	5	8	6	3	1	4	14	2
11	9	7	13	12	5	3	10	8	1	2	6	4	14
9	7	5	11	13	3	1	12	10	2	4	8	14	6
7	5	3	9	11	1	2	13	12	4	6	10	8	14
5	3	1	7	9	2	4	11	13	6	8	12	14	10
3	1	2	5	7	4	6	9	11	8	10	13	12	14
2	1	3	4	6	5	7	8	10	9	11	12	14	13
4	2	1	6	8	3	5	10	12	7	9	13	11	14
6	4	2	8	10	1	3	12	13	5	7	11	14	9
8	6	4	10	12	2	1	13	11	3	5	9	7	14
10	8	6	12	13	4	2	11	9	1	3	7	14	5
12	10	8	13	11	6	4	9	7	2	1	5	3	14
13	12	10	11	9	8	6	7	5	4	2	3	14	1
11	13	12	9	7	10	8	5	3	6	4	1	2	14
9	11	13	7	5	12	10	3	1	8	6	2	14	4
7	9	11	5	3	13	12	1	2	10	8	4	6	14
5	7	9	3	1	11	13	2	4	12	10	6	14	8
3	5	7	1	2	9	11	4	6	13	12	8	10	14
1	3	5	2	4	7	9	6	8	11	13	10	14	12


Home and Away position count. Row number = index.
Counts of 1 are expected. They occur when the team number is only Home (or Away) once on that table in a single round robin fixture.
Counts of non 1 in a round robin fixture:  27
1	1	1	1	1	1	1	1	1	1	1	1	1	0
1	1	1	1	1	1	1	1	1	1	1	1	0	1
1	1	1	1	1	1	1	1	1	1	1	1	0	1
1	1	1	1	1	1	1	1	1	1	1	1	1	0
1	1	1	1	1	1	1	1	1	1	1	1	1	0
1	1	1	1	1	1	1	1	1	1	1	1	0	1
1	1	1	1	1	1	1	1	1	1	1	1	0	1
1	1	1	1	1	1	1	1	1	1	1	1	1	0
1	1	1	1	1	1	1	1	1	1	1	1	1	0
1	1	1	1	1	1	1	1	1	1	1	1	0	1
1	1	1	1	1	1	1	1	1	1	1	1	0	1
1	1	1	1	1	1	1	1	1	1	1	1	1	0
1	1	1	1	1	1	1	1	1	1	1	1	1	0
0	0	0	0	0	0	0	0	0	0	0	0	6	7


Match/Table count. Row number = index.
Counts of 3 or 4 are expected. They occur when the team numbers plays on that table in a double round robin fixture.
Counts of non 3 or 4 in a double round robin fixture:  20
4	4	4	4	4	4	2
4	4	4	4	4	4	2
4	4	4	4	4	4	2
4	4	4	4	4	4	2
4	4	4	4	4	4	2
4	4	4	4	4	4	2
4	4	4	4	4	4	2
4	4	4	4	4	4	2
4	4	4	4	4	4	2
4	4	4	4	4	4	2
4	4	4	4	4	4	2
4	4	4	4	4	4	2
4	4	4	4	4	4	2
0	0	0	0	0	0	26


Home and Away vertical sequence for each team number.
Runs of 3: 2
H	.	.	H	H	.	.	H	H	.	.	H	H	.
.	H	H	.	.	H	H	.	.	H	.	.	H	H
H	.	.	H	H	.	.	H	H	.	H	H	.	.
.	H	H	.	.	H	.	.	H	H	.	.	H	H
H	.	.	H	H	.	H	H	.	.	H	H	.	.
.	H	.	.	H	H	.	.	H	H	.	.	H	H
H	.	H	H	.	.	H	H	.	.	H	H	.	.
H	.	.	.	H	H	.	.	H	H	.	.	H	H
.	H	H	H	.	.	H	H	.	.	H	H	.	.
H	.	.	H	H	.	.	.	H	H	.	.	H	H
.	H	H	.	.	H	H	H	.	.	H	H	.	.
H	.	.	H	H	.	.	H	H	.	.	.	H	H
.	H	H	.	.	H	H	.	.	H	H	H	.	.
.	H	H	.	.	H	H	.	.	H	H	.	.	H
H	.	.	H	H	.	.	H	H	.	H	H	.	.
.	H	H	.	.	H	H	.	.	H	.	.	H	H
H	.	.	H	H	.	H	H	.	.	H	H	.	.
.	H	H	.	.	H	.	.	H	H	.	.	H	H
H	.	H	H	.	.	H	H	.	.	H	H	.	.
.	H	.	.	H	H	.	.	H	H	.	.	H	H
.	H	H	H	.	.	H	H	.	.	H	H	.	.
H	.	.	.	H	H	.	.	H	H	.	.	H	H
.	H	H	.	.	H	H	H	.	.	H	H	.	.
H	.	.	H	H	.	.	.	H	H	.	.	H	H
.	H	H	.	.	H	H	.	.	H	H	H	.	.
H	.	.	H	H	.	.	H	H	.	.	.	H	H

Opponents by round:
1:	2	6	10	13	9	5	14	4	8	12	11	7	3	2	6	10	13	9	5	14	4	8	12	11	7	3
2:	1	4	8	12	11	7	3	14	6	10	13	9	5	1	4	8	12	11	7	3	14	6	10	13	9	5
3:	4	8	12	11	7	14	2	6	10	13	9	5	1	4	8	12	11	7	14	2	6	10	13	9	5	1
4:	3	2	6	10	13	9	5	1	14	8	12	11	7	3	2	6	10	13	9	5	1	14	8	12	11	7
5:	6	10	13	9	14	1	4	8	12	11	7	3	2	6	10	13	9	14	1	4	8	12	11	7	3	2
6:	5	1	4	8	12	11	7	3	2	14	10	13	9	5	1	4	8	12	11	7	3	2	14	10	13	9
7:	8	12	11	14	3	2	6	10	13	9	5	1	4	8	12	11	14	3	2	6	10	13	9	5	1	4
8:	7	3	2	6	10	13	9	5	1	4	14	12	11	7	3	2	6	10	13	9	5	1	4	14	12	11
9:	10	13	14	5	1	4	8	12	11	7	3	2	6	10	13	14	5	1	4	8	12	11	7	3	2	6
10:	9	5	1	4	8	12	11	7	3	2	6	14	13	9	5	1	4	8	12	11	7	3	2	6	14	13
11:	12	14	7	3	2	6	10	13	9	5	1	4	8	12	14	7	3	2	6	10	13	9	5	1	4	8
12:	11	7	3	2	6	10	13	9	5	1	4	8	14	11	7	3	2	6	10	13	9	5	1	4	8	14
13:	14	9	5	1	4	8	12	11	7	3	2	6	10	14	9	5	1	4	8	12	11	7	3	2	6	10
14:	13	11	9	7	5	3	1	2	4	6	8	10	12	13	11	9	7	5	3	1	2	4	6	8	10	12

