Fixture analysis. 20_20

Single round robin Fixture grid.
1	2	4	3	5	6	8	7	9	10	12	11	13	14	16	15	17	18	20	19
2	4	6	1	3	8	10	5	7	12	14	9	11	16	18	13	15	19	17	20
4	6	8	2	1	10	12	3	5	14	16	7	9	18	19	11	13	17	20	15
6	8	10	4	2	12	14	1	3	16	18	5	7	19	17	9	11	15	13	20
8	10	12	6	4	14	16	2	1	18	19	3	5	17	15	7	9	13	20	11
10	12	14	8	6	16	18	4	2	19	17	1	3	15	13	5	7	11	9	20
12	14	16	10	8	18	19	6	4	17	15	2	1	13	11	3	5	9	20	7
14	16	18	12	10	19	17	8	6	15	13	4	2	11	9	1	3	7	5	20
16	18	19	14	12	17	15	10	8	13	11	6	4	9	7	2	1	5	20	3
18	19	17	16	14	15	13	12	10	11	9	8	6	7	5	4	2	3	1	20
19	17	15	18	16	13	11	14	12	9	7	10	8	5	3	6	4	1	20	2
17	15	13	19	18	11	9	16	14	7	5	12	10	3	1	8	6	2	4	20
15	13	11	17	19	9	7	18	16	5	3	14	12	1	2	10	8	4	20	6
13	11	9	15	17	7	5	19	18	3	1	16	14	2	4	12	10	6	8	20
11	9	7	13	15	5	3	17	19	1	2	18	16	4	6	14	12	8	20	10
9	7	5	11	13	3	1	15	17	2	4	19	18	6	8	16	14	10	12	20
7	5	3	9	11	1	2	13	15	4	6	17	19	8	10	18	16	12	20	14
5	3	1	7	9	2	4	11	13	6	8	15	17	10	12	19	18	14	16	20
3	1	2	5	7	4	6	9	11	8	10	13	15	12	14	17	19	16	20	18


Double round robin Fixture grid.
1	2	4	3	5	6	8	7	9	10	12	11	13	14	16	15	17	18	20	19
2	4	6	1	3	8	10	5	7	12	14	9	11	16	18	13	15	19	17	20
4	6	8	2	1	10	12	3	5	14	16	7	9	18	19	11	13	17	20	15
6	8	10	4	2	12	14	1	3	16	18	5	7	19	17	9	11	15	13	20
8	10	12	6	4	14	16	2	1	18	19	3	5	17	15	7	9	13	20	11
10	12	14	8	6	16	18	4	2	19	17	1	3	15	13	5	7	11	9	20
12	14	16	10	8	18	19	6	4	17	15	2	1	13	11	3	5	9	20	7
14	16	18	12	10	19	17	8	6	15	13	4	2	11	9	1	3	7	5	20
16	18	19	14	12	17	15	10	8	13	11	6	4	9	7	2	1	5	20	3
18	19	17	16	14	15	13	12	10	11	9	8	6	7	5	4	2	3	1	20
19	17	15	18	16	13	11	14	12	9	7	10	8	5	3	6	4	1	20	2
17	15	13	19	18	11	9	16	14	7	5	12	10	3	1	8	6	2	4	20
15	13	11	17	19	9	7	18	16	5	3	14	12	1	2	10	8	4	20	6
13	11	9	15	17	7	5	19	18	3	1	16	14	2	4	12	10	6	8	20
11	9	7	13	15	5	3	17	19	1	2	18	16	4	6	14	12	8	20	10
9	7	5	11	13	3	1	15	17	2	4	19	18	6	8	16	14	10	12	20
7	5	3	9	11	1	2	13	15	4	6	17	19	8	10	18	16	12	20	14
5	3	1	7	9	2	4	11	13	6	8	15	17	10	12	19	18	14	16	20
3	1	2	5	7	4	6	9	11	8	10	13	15	12	14	17	19	16	20	18
2	1	3	4	6	5	7	8	10	9	11	12	14	13	15	16	18	17	19	20
4	2	1	6	8	3	5	10	12	7	9	14	16	11	13	18	19	15	20	17
6	4	2	8	10	1	3	12	14	5	7	16	18	9	11	19	17	13	15	20
8	6	4	10	12	2	1	14	16	3	5	18	19	7	9	17	15	11	20	13
10	8	6	12	14	4	2	16	18	1	3	19	17	5	7	15	13	9	11	20
12	10	8	14	16	6	4	18	19	2	1	17	15	3	5	13	11	7	20	9
14	12	10	16	18	8	6	19	17	4	2	15	13	1	3	11	9	5	7	20
16	14	12	18	19	10	8	17	15	6	4	13	11	2	1	9	7	3	20	5
18	16	14	19	17	12	10	15	13	8	6	11	9	4	2	7	5	1	3	20
19	18	16	17	15	14	12	13	11	10	8	9	7	6	4	5	3	2	20	1
17	19	18	15	13	16	14	11	9	12	10	7	5	8	6	3	1	4	2	20
15	17	19	13	11	18	16	9	7	14	12	5	3	10	8	1	2	6	20	4
13	15	17	11	9	19	18	7	5	16	14	3	1	12	10	2	4	8	6	20
11	13	15	9	7	17	19	5	3	18	16	1	2	14	12	4	6	10	20	8
9	11	13	7	5	15	17	3	1	19	18	2	4	16	14	6	8	12	10	20
7	9	11	5	3	13	15	1	2	17	19	4	6	18	16	8	10	14	20	12
5	7	9	3	1	11	13	2	4	15	17	6	8	19	18	10	12	16	14	20
3	5	7	1	2	9	11	4	6	13	15	8	10	17	19	12	14	18	20	16
1	3	5	2	4	7	9	6	8	11	13	10	12	15	17	14	16	19	18	20


Home and Away position count. Row number = index.
Counts of 1 are expected. They occur when the team number is only Home (or Away) once on that table in a single round robin fixture.
Counts of non 1 in a round robin fixture:  39
1	1	1	1	1	1	1	1	1	1	1	1	1	1	1	1	1	1	1	0
1	1	1	1	1	1	1	1	1	1	1	1	1	1	1	1	1	1	0	1
1	1	1	1	1	1	1	1	1	1	1	1	1	1	1	1	1	1	0	1
1	1	1	1	1	1	1	1	1	1	1	1	1	1	1	1	1	1	1	0
1	1	1	1	1	1	1	1	1	1	1	1	1	1	1	1	1	1	1	0
1	1	1	1	1	1	1	1	1	1	1	1	1	1	1	1	1	1	0	1
1	1	1	1	1	1	1	1	1	1	1	1	1	1	1	1	1	1	0	1
1	1	1	1	1	1	1	1	1	1	1	1	1	1	1	1	1	1	1	0
1	1	1	1	1	1	1	1	1	1	1	1	1	1	1	1	1	1	1	0
1	1	1	1	1	1	1	1	1	1	1	1	1	1	1	1	1	1	0	1
1	1	1	1	1	1	1	1	1	1	1	1	1	1	1	1	1	1	0	1
1	1	1	1	1	1	1	1	1	1	1	1	1	1	1	1	1	1	1	0
1	1	1	1	1	1	1	1	1	1	1	1	1	1	1	1	1	1	1	0
1	1	1	1	1	1	1	1	1	1	1	1	1	1	1	1	1	1	0	1
1	1	1	1	1	1	1	1	1	1	1	1	1	1	1	1	1	1	0	1
1	1	1	1	1	1	1	1	1	1	1	1	1	1	1	1	1	1	1	0
1	1	1	1	1	1	1	1	1	1	1	1	1	1	1	1	1	1	1	0
1	1	1	1	1	1	1	1	1	1	1	1	1	1	1	1	1	1	0	1
1	1	1	1	1	1	1	1	1	1	1	1	1	1	1	1	1	1	0	1
0	0	0	0	0	0	0	0	0	0	0	0	0	0	0	0	0	0	10	9


Match/Table count. Row number = index.
Counts of 3 or 4 are expected. They occur when the team numbers plays on that table in a double round robin fixture.
Counts of non 3 or 4 in a double round robin fixture:  29
4	4	4	4	4	4	4	4	4	2
4	4	4	4	4	4	4	4	4	2
4	4	4	4	4	4	4	4	4	2
4	4	4	4	4	4	4	4	4	2
4	4	4	4	4	4	4	4	4	2
4	4	4	4	4	4	4	4	4	2
4	4	4	4	4	4	4	4	4	2
4	4	4	4	4	4	4	4	4	2
4	4	4	4	4	4	4	4	4	2
4	4	4	4	4	4	4	4	4	2
4	4	4	4	4	4	4	4	4	2
4	4	4	4	4	4	4	4	4	2
4	4	4	4	4	4	4	4	4	2
4	4	4	4	4	4	4	4	4	2
4	4	4	4	4	4	4	4	4	2
4	4	4	4	4	4	4	4	4	2
4	4	4	4	4	4	4	4	4	2
4	4	4	4	4	4	4	4	4	2
4	4	4	4	4	4	4	4	4	2
0	0	0	0	0	0	0	0	0	38


Home and Away vertical sequence for each team number.
Runs of 3: 2
H	.	.	H	H	.	.	H	H	.	.	H	H	.	.	H	H	.	.	H
.	H	H	.	.	H	H	.	.	H	H	.	.	H	H	.	H	H	.	.
H	.	.	H	H	.	.	H	H	.	.	H	H	.	.	H	.	.	H	H
.	H	H	.	.	H	H	.	.	H	H	.	H	H	.	.	H	H	.	.
H	.	.	H	H	.	.	H	H	.	.	H	.	.	H	H	.	.	H	H
.	H	H	.	.	H	H	.	H	H	.	.	H	H	.	.	H	H	.	.
H	.	.	H	H	.	.	H	.	.	H	H	.	.	H	H	.	.	H	H
.	H	H	.	H	H	.	.	H	H	.	.	H	H	.	.	H	H	.	.
H	.	.	H	.	.	H	H	.	.	H	H	.	.	H	H	.	.	H	H
H	H	.	.	H	H	.	.	H	H	.	.	H	H	.	.	H	H	.	.
.	.	H	H	.	.	H	H	.	.	H	H	.	.	H	H	.	.	H	H
H	.	.	H	H	H	.	.	H	H	.	.	H	H	.	.	H	H	.	.
.	H	H	.	.	.	H	H	.	.	H	H	.	.	H	H	.	.	H	H
H	.	.	H	H	.	.	H	H	H	.	.	H	H	.	.	H	H	.	.
.	H	H	.	.	H	H	.	.	.	H	H	.	.	H	H	.	.	H	H
H	.	.	H	H	.	.	H	H	.	.	H	H	H	.	.	H	H	.	.
.	H	H	.	.	H	H	.	.	H	H	.	.	.	H	H	.	.	H	H
H	.	.	H	H	.	.	H	H	.	.	H	H	.	.	H	H	H	.	.
.	H	H	.	.	H	H	.	.	H	H	.	.	H	H	.	.	.	H	H
.	H	H	.	.	H	H	.	.	H	H	.	.	H	H	.	.	H	H	.
H	.	.	H	H	.	.	H	H	.	.	H	H	.	.	H	.	.	H	H
.	H	H	.	.	H	H	.	.	H	H	.	.	H	H	.	H	H	.	.
H	.	.	H	H	.	.	H	H	.	.	H	.	.	H	H	.	.	H	H
.	H	H	.	.	H	H	.	.	H	H	.	H	H	.	.	H	H	.	.
H	.	.	H	H	.	.	H	.	.	H	H	.	.	H	H	.	.	H	H
.	H	H	.	.	H	H	.	H	H	.	.	H	H	.	.	H	H	.	.
H	.	.	H	.	.	H	H	.	.	H	H	.	.	H	H	.	.	H	H
.	H	H	.	H	H	.	.	H	H	.	.	H	H	.	.	H	H	.	.
.	.	H	H	.	.	H	H	.	.	H	H	.	.	H	H	.	.	H	H
H	H	.	.	H	H	.	.	H	H	.	.	H	H	.	.	H	H	.	.
.	H	H	.	.	.	H	H	.	.	H	H	.	.	H	H	.	.	H	H
H	.	.	H	H	H	.	.	H	H	.	.	H	H	.	.	H	H	.	.
.	H	H	.	.	H	H	.	.	.	H	H	.	.	H	H	.	.	H	H
H	.	.	H	H	.	.	H	H	H	.	.	H	H	.	.	H	H	.	.
.	H	H	.	.	H	H	.	.	H	H	.	.	.	H	H	.	.	H	H
H	.	.	H	H	.	.	H	H	.	.	H	H	H	.	.	H	H	.	.
.	H	H	.	.	H	H	.	.	H	H	.	.	H	H	.	.	.	H	H
H	.	.	H	H	.	.	H	H	.	.	H	H	.	.	H	H	H	.	.

Opponents by round:
1:	2	6	10	14	18	17	13	9	5	20	4	8	12	16	19	15	11	7	3	2	6	10	14	18	17	13	9	5	20	4	8	12	16	19	15	11	7	3
2:	1	4	8	12	16	19	15	11	7	3	20	6	10	14	18	17	13	9	5	1	4	8	12	16	19	15	11	7	3	20	6	10	14	18	17	13	9	5
3:	4	8	12	16	19	15	11	7	20	2	6	10	14	18	17	13	9	5	1	4	8	12	16	19	15	11	7	20	2	6	10	14	18	17	13	9	5	1
4:	3	2	6	10	14	18	17	13	9	5	1	20	8	12	16	19	15	11	7	3	2	6	10	14	18	17	13	9	5	1	20	8	12	16	19	15	11	7
5:	6	10	14	18	17	13	9	20	1	4	8	12	16	19	15	11	7	3	2	6	10	14	18	17	13	9	20	1	4	8	12	16	19	15	11	7	3	2
6:	5	1	4	8	12	16	19	15	11	7	3	2	20	10	14	18	17	13	9	5	1	4	8	12	16	19	15	11	7	3	2	20	10	14	18	17	13	9
7:	8	12	16	19	15	11	20	3	2	6	10	14	18	17	13	9	5	1	4	8	12	16	19	15	11	20	3	2	6	10	14	18	17	13	9	5	1	4
8:	7	3	2	6	10	14	18	17	13	9	5	1	4	20	12	16	19	15	11	7	3	2	6	10	14	18	17	13	9	5	1	4	20	12	16	19	15	11
9:	10	14	18	17	13	20	5	1	4	8	12	16	19	15	11	7	3	2	6	10	14	18	17	13	20	5	1	4	8	12	16	19	15	11	7	3	2	6
10:	9	5	1	4	8	12	16	19	15	11	7	3	2	6	20	14	18	17	13	9	5	1	4	8	12	16	19	15	11	7	3	2	6	20	14	18	17	13
11:	12	16	19	15	20	7	3	2	6	10	14	18	17	13	9	5	1	4	8	12	16	19	15	20	7	3	2	6	10	14	18	17	13	9	5	1	4	8
12:	11	7	3	2	6	10	14	18	17	13	9	5	1	4	8	20	16	19	15	11	7	3	2	6	10	14	18	17	13	9	5	1	4	8	20	16	19	15
13:	14	18	17	20	9	5	1	4	8	12	16	19	15	11	7	3	2	6	10	14	18	17	20	9	5	1	4	8	12	16	19	15	11	7	3	2	6	10
14:	13	9	5	1	4	8	12	16	19	15	11	7	3	2	6	10	20	18	17	13	9	5	1	4	8	12	16	19	15	11	7	3	2	6	10	20	18	17
15:	16	19	20	11	7	3	2	6	10	14	18	17	13	9	5	1	4	8	12	16	19	20	11	7	3	2	6	10	14	18	17	13	9	5	1	4	8	12
16:	15	11	7	3	2	6	10	14	18	17	13	9	5	1	4	8	12	20	19	15	11	7	3	2	6	10	14	18	17	13	9	5	1	4	8	12	20	19
17:	18	20	13	9	5	1	4	8	12	16	19	15	11	7	3	2	6	10	14	18	20	13	9	5	1	4	8	12	16	19	15	11	7	3	2	6	10	14
18:	17	13	9	5	1	4	8	12	16	19	15	11	7	3	2	6	10	14	20	17	13	9	5	1	4	8	12	16	19	15	11	7	3	2	6	10	14	20
19:	20	15	11	7	3	2	6	10	14	18	17	13	9	5	1	4	8	12	16	20	15	11	7	3	2	6	10	14	18	17	13	9	5	1	4	8	12	16
20:	19	17	15	13	11	9	7	5	3	1	2	4	6	8	10	12	14	16	18	19	17	15	13	11	9	7	5	3	1	2	4	6	8	10	12	14	16	18

