Fixture analysis. 16_16

Single round robin Fixture grid.
1	2	4	3	5	6	8	7	9	10	12	11	13	14	16	15
2	4	6	1	3	8	10	5	7	12	14	9	11	15	13	16
4	6	8	2	1	10	12	3	5	14	15	7	9	13	16	11
6	8	10	4	2	12	14	1	3	15	13	5	7	11	9	16
8	10	12	6	4	14	15	2	1	13	11	3	5	9	16	7
10	12	14	8	6	15	13	4	2	11	9	1	3	7	5	16
12	14	15	10	8	13	11	6	4	9	7	2	1	5	16	3
14	15	13	12	10	11	9	8	6	7	5	4	2	3	1	16
15	13	11	14	12	9	7	10	8	5	3	6	4	1	16	2
13	11	9	15	14	7	5	12	10	3	1	8	6	2	4	16
11	9	7	13	15	5	3	14	12	1	2	10	8	4	16	6
9	7	5	11	13	3	1	15	14	2	4	12	10	6	8	16
7	5	3	9	11	1	2	13	15	4	6	14	12	8	16	10
5	3	1	7	9	2	4	11	13	6	8	15	14	10	12	16
3	1	2	5	7	4	6	9	11	8	10	13	15	12	16	14


Double round robin Fixture grid.
1	2	4	3	5	6	8	7	9	10	12	11	13	14	16	15
2	4	6	1	3	8	10	5	7	12	14	9	11	15	13	16
4	6	8	2	1	10	12	3	5	14	15	7	9	13	16	11
6	8	10	4	2	12	14	1	3	15	13	5	7	11	9	16
8	10	12	6	4	14	15	2	1	13	11	3	5	9	16	7
10	12	14	8	6	15	13	4	2	11	9	1	3	7	5	16
12	14	15	10	8	13	11	6	4	9	7	2	1	5	16	3
14	15	13	12	10	11	9	8	6	7	5	4	2	3	1	16
15	13	11	14	12	9	7	10	8	5	3	6	4	1	16	2
13	11	9	15	14	7	5	12	10	3	1	8	6	2	4	16
11	9	7	13	15	5	3	14	12	1	2	10	8	4	16	6
9	7	5	11	13	3	1	15	14	2	4	12	10	6	8	16
7	5	3	9	11	1	2	13	15	4	6	14	12	8	16	10
5	3	1	7	9	2	4	11	13	6	8	15	14	10	12	16
3	1	2	5	7	4	6	9	11	8	10	13	15	12	16	14
2	1	3	4	6	5	7	8	10	9	11	12	14	13	15	16
4	2	1	6	8	3	5	10	12	7	9	14	15	11	16	13
6	4	2	8	10	1	3	12	14	5	7	15	13	9	11	16
8	6	4	10	12	2	1	14	15	3	5	13	11	7	16	9
10	8	6	12	14	4	2	15	13	1	3	11	9	5	7	16
12	10	8	14	15	6	4	13	11	2	1	9	7	3	16	5
14	12	10	15	13	8	6	11	9	4	2	7	5	1	3	16
15	14	12	13	11	10	8	9	7	6	4	5	3	2	16	1
13	15	14	11	9	12	10	7	5	8	6	3	1	4	2	16
11	13	15	9	7	14	12	5	3	10	8	1	2	6	16	4
9	11	13	7	5	15	14	3	1	12	10	2	4	8	6	16
7	9	11	5	3	13	15	1	2	14	12	4	6	10	16	8
5	7	9	3	1	11	13	2	4	15	14	6	8	12	10	16
3	5	7	1	2	9	11	4	6	13	15	8	10	14	16	12
1	3	5	2	4	7	9	6	8	11	13	10	12	15	14	16


Home and Away position count. Row number = index.
Counts of 1 are expected. They occur when the team number is only Home (or Away) once on that table in a single round robin fixture.
Counts of non 1 in a round robin fixture:  31
1	1	1	1	1	1	1	1	1	1	1	1	1	1	1	0
1	1	1	1	1	1	1	1	1	1	1	1	1	1	0	1
1	1	1	1	1	1	1	1	1	1	1	1	1	1	0	1
1	1	1	1	1	1	1	1	1	1	1	1	1	1	1	0
1	1	1	1	1	1	1	1	1	1	1	1	1	1	1	0
1	1	1	1	1	1	1	1	1	1	1	1	1	1	0	1
1	1	1	1	1	1	1	1	1	1	1	1	1	1	0	1
1	1	1	1	1	1	1	1	1	1	1	1	1	1	1	0
1	1	1	1	1	1	1	1	1	1	1	1	1	1	1	0
1	1	1	1	1	1	1	1	1	1	1	1	1	1	0	1
1	1	1	1	1	1	1	1	1	1	1	1	1	1	0	1
1	1	1	1	1	1	1	1	1	1	1	1	1	1	1	0
1	1	1	1	1	1	1	1	1	1	1	1	1	1	1	0
1	1	1	1	1	1	1	1	1	1	1	1	1	1	0	1
1	1	1	1	1	1	1	1	1	1	1	1	1	1	0	1
0	0	0	0	0	0	0	0	0	0	0	0	0	0	8	7


Match/Table count. Row number = index.
Counts of 3 or 4 are expected. They occur when the team numbers plays on that table in a double round robin fixture.
Counts of non 3 or 4 in a double round robin fixture:  23
4	4	4	4	4	4	4	2
4	4	4	4	4	4	4	2
4	4	4	4	4	4	4	2
4	4	4	4	4	4	4	2
4	4	4	4	4	4	4	2
4	4	4	4	4	4	4	2
4	4	4	4	4	4	4	2
4	4	4	4	4	4	4	2
4	4	4	4	4	4	4	2
4	4	4	4	4	4	4	2
4	4	4	4	4	4	4	2
4	4	4	4	4	4	4	2
4	4	4	4	4	4	4	2
4	4	4	4	4	4	4	2
4	4	4	4	4	4	4	2
0	0	0	0	0	0	0	30


Home and Away vertical sequence for each team number.
Runs of 3: 2
H	.	.	H	H	.	.	H	H	.	.	H	H	.	.	H
.	H	H	.	.	H	H	.	.	H	H	.	H	H	.	.
H	.	.	H	H	.	.	H	H	.	.	H	.	.	H	H
.	H	H	.	.	H	H	.	H	H	.	.	H	H	.	.
H	.	.	H	H	.	.	H	.	.	H	H	.	.	H	H
.	H	H	.	H	H	.	.	H	H	.	.	H	H	.	.
H	.	.	H	.	.	H	H	.	.	H	H	.	.	H	H
H	H	.	.	H	H	.	.	H	H	.	.	H	H	.	.
.	.	H	H	.	.	H	H	.	.	H	H	.	.	H	H
H	.	.	H	H	H	.	.	H	H	.	.	H	H	.	.
.	H	H	.	.	.	H	H	.	.	H	H	.	.	H	H
H	.	.	H	H	.	.	H	H	H	.	.	H	H	.	.
.	H	H	.	.	H	H	.	.	.	H	H	.	.	H	H
H	.	.	H	H	.	.	H	H	.	.	H	H	H	.	.
.	H	H	.	.	H	H	.	.	H	H	.	.	.	H	H
.	H	H	.	.	H	H	.	.	H	H	.	.	H	H	.
H	.	.	H	H	.	.	H	H	.	.	H	.	.	H	H
.	H	H	.	.	H	H	.	.	H	H	.	H	H	.	.
H	.	.	H	H	.	.	H	.	.	H	H	.	.	H	H
.	H	H	.	.	H	H	.	H	H	.	.	H	H	.	.
H	.	.	H	.	.	H	H	.	.	H	H	.	.	H	H
.	H	H	.	H	H	.	.	H	H	.	.	H	H	.	.
.	.	H	H	.	.	H	H	.	.	H	H	.	.	H	H
H	H	.	.	H	H	.	.	H	H	.	.	H	H	.	.
.	H	H	.	.	.	H	H	.	.	H	H	.	.	H	H
H	.	.	H	H	H	.	.	H	H	.	.	H	H	.	.
.	H	H	.	.	H	H	.	.	.	H	H	.	.	H	H
H	.	.	H	H	.	.	H	H	H	.	.	H	H	.	.
.	H	H	.	.	H	H	.	.	H	H	.	.	.	H	H
H	.	.	H	H	.	.	H	H	.	.	H	H	H	.	.

Opponents by round:
1:	2	6	10	14	13	9	5	16	4	8	12	15	11	7	3	2	6	10	14	13	9	5	16	4	8	12	15	11	7	3
2:	1	4	8	12	15	11	7	3	16	6	10	14	13	9	5	1	4	8	12	15	11	7	3	16	6	10	14	13	9	5
3:	4	8	12	15	11	7	16	2	6	10	14	13	9	5	1	4	8	12	15	11	7	16	2	6	10	14	13	9	5	1
4:	3	2	6	10	14	13	9	5	1	16	8	12	15	11	7	3	2	6	10	14	13	9	5	1	16	8	12	15	11	7
5:	6	10	14	13	9	16	1	4	8	12	15	11	7	3	2	6	10	14	13	9	16	1	4	8	12	15	11	7	3	2
6:	5	1	4	8	12	15	11	7	3	2	16	10	14	13	9	5	1	4	8	12	15	11	7	3	2	16	10	14	13	9
7:	8	12	15	11	16	3	2	6	10	14	13	9	5	1	4	8	12	15	11	16	3	2	6	10	14	13	9	5	1	4
8:	7	3	2	6	10	14	13	9	5	1	4	16	12	15	11	7	3	2	6	10	14	13	9	5	1	4	16	12	15	11
9:	10	14	13	16	5	1	4	8	12	15	11	7	3	2	6	10	14	13	16	5	1	4	8	12	15	11	7	3	2	6
10:	9	5	1	4	8	12	15	11	7	3	2	6	16	14	13	9	5	1	4	8	12	15	11	7	3	2	6	16	14	13
11:	12	15	16	7	3	2	6	10	14	13	9	5	1	4	8	12	15	16	7	3	2	6	10	14	13	9	5	1	4	8
12:	11	7	3	2	6	10	14	13	9	5	1	4	8	16	15	11	7	3	2	6	10	14	13	9	5	1	4	8	16	15
13:	14	16	9	5	1	4	8	12	15	11	7	3	2	6	10	14	16	9	5	1	4	8	12	15	11	7	3	2	6	10
14:	13	9	5	1	4	8	12	15	11	7	3	2	6	10	16	13	9	5	1	4	8	12	15	11	7	3	2	6	10	16
15:	16	11	7	3	2	6	10	14	13	9	5	1	4	8	12	16	11	7	3	2	6	10	14	13	9	5	1	4	8	12
16:	15	13	11	9	7	5	3	1	2	4	6	8	10	12	14	15	13	11	9	7	5	3	1	2	4	6	8	10	12	14

