Fixture analysis. 24_24

Single round robin Fixture grid.
1	2	4	3	5	6	8	7	9	10	12	11	13	14	16	15	17	18	20	19	21	22	24	23
2	4	6	1	3	8	10	5	7	12	14	9	11	16	18	13	15	20	22	17	19	23	21	24
4	6	8	2	1	10	12	3	5	14	16	7	9	18	20	11	13	22	23	15	17	21	24	19
6	8	10	4	2	12	14	1	3	16	18	5	7	20	22	9	11	23	21	13	15	19	17	24
8	10	12	6	4	14	16	2	1	18	20	3	5	22	23	7	9	21	19	11	13	17	24	15
10	12	14	8	6	16	18	4	2	20	22	1	3	23	21	5	7	19	17	9	11	15	13	24
12	14	16	10	8	18	20	6	4	22	23	2	1	21	19	3	5	17	15	7	9	13	24	11
14	16	18	12	10	20	22	8	6	23	21	4	2	19	17	1	3	15	13	5	7	11	9	24
16	18	20	14	12	22	23	10	8	21	19	6	4	17	15	2	1	13	11	3	5	9	24	7
18	20	22	16	14	23	21	12	10	19	17	8	6	15	13	4	2	11	9	1	3	7	5	24
20	22	23	18	16	21	19	14	12	17	15	10	8	13	11	6	4	9	7	2	1	5	24	3
22	23	21	20	18	19	17	16	14	15	13	12	10	11	9	8	6	7	5	4	2	3	1	24
23	21	19	22	20	17	15	18	16	13	11	14	12	9	7	10	8	5	3	6	4	1	24	2
21	19	17	23	22	15	13	20	18	11	9	16	14	7	5	12	10	3	1	8	6	2	4	24
19	17	15	21	23	13	11	22	20	9	7	18	16	5	3	14	12	1	2	10	8	4	24	6
17	15	13	19	21	11	9	23	22	7	5	20	18	3	1	16	14	2	4	12	10	6	8	24
15	13	11	17	19	9	7	21	23	5	3	22	20	1	2	18	16	4	6	14	12	8	24	10
13	11	9	15	17	7	5	19	21	3	1	23	22	2	4	20	18	6	8	16	14	10	12	24
11	9	7	13	15	5	3	17	19	1	2	21	23	4	6	22	20	8	10	18	16	12	24	14
9	7	5	11	13	3	1	15	17	2	4	19	21	6	8	23	22	10	12	20	18	14	16	24
7	5	3	9	11	1	2	13	15	4	6	17	19	8	10	21	23	12	14	22	20	16	24	18
5	3	1	7	9	2	4	11	13	6	8	15	17	10	12	19	21	14	16	23	22	18	20	24
3	1	2	5	7	4	6	9	11	8	10	13	15	12	14	17	19	16	18	21	23	20	24	22


Double round robin Fixture grid.
1	2	4	3	5	6	8	7	9	10	12	11	13	14	16	15	17	18	20	19	21	22	24	23
2	4	6	1	3	8	10	5	7	12	14	9	11	16	18	13	15	20	22	17	19	23	21	24
4	6	8	2	1	10	12	3	5	14	16	7	9	18	20	11	13	22	23	15	17	21	24	19
6	8	10	4	2	12	14	1	3	16	18	5	7	20	22	9	11	23	21	13	15	19	17	24
8	10	12	6	4	14	16	2	1	18	20	3	5	22	23	7	9	21	19	11	13	17	24	15
10	12	14	8	6	16	18	4	2	20	22	1	3	23	21	5	7	19	17	9	11	15	13	24
12	14	16	10	8	18	20	6	4	22	23	2	1	21	19	3	5	17	15	7	9	13	24	11
14	16	18	12	10	20	22	8	6	23	21	4	2	19	17	1	3	15	13	5	7	11	9	24
16	18	20	14	12	22	23	10	8	21	19	6	4	17	15	2	1	13	11	3	5	9	24	7
18	20	22	16	14	23	21	12	10	19	17	8	6	15	13	4	2	11	9	1	3	7	5	24
20	22	23	18	16	21	19	14	12	17	15	10	8	13	11	6	4	9	7	2	1	5	24	3
22	23	21	20	18	19	17	16	14	15	13	12	10	11	9	8	6	7	5	4	2	3	1	24
23	21	19	22	20	17	15	18	16	13	11	14	12	9	7	10	8	5	3	6	4	1	24	2
21	19	17	23	22	15	13	20	18	11	9	16	14	7	5	12	10	3	1	8	6	2	4	24
19	17	15	21	23	13	11	22	20	9	7	18	16	5	3	14	12	1	2	10	8	4	24	6
17	15	13	19	21	11	9	23	22	7	5	20	18	3	1	16	14	2	4	12	10	6	8	24
15	13	11	17	19	9	7	21	23	5	3	22	20	1	2	18	16	4	6	14	12	8	24	10
13	11	9	15	17	7	5	19	21	3	1	23	22	2	4	20	18	6	8	16	14	10	12	24
11	9	7	13	15	5	3	17	19	1	2	21	23	4	6	22	20	8	10	18	16	12	24	14
9	7	5	11	13	3	1	15	17	2	4	19	21	6	8	23	22	10	12	20	18	14	16	24
7	5	3	9	11	1	2	13	15	4	6	17	19	8	10	21	23	12	14	22	20	16	24	18
5	3	1	7	9	2	4	11	13	6	8	15	17	10	12	19	21	14	16	23	22	18	20	24
3	1	2	5	7	4	6	9	11	8	10	13	15	12	14	17	19	16	18	21	23	20	24	22
2	1	3	4	6	5	7	8	10	9	11	12	14	13	15	16	18	17	19	20	22	21	23	24
4	2	1	6	8	3	5	10	12	7	9	14	16	11	13	18	20	15	17	22	23	19	24	21
6	4	2	8	10	1	3	12	14	5	7	16	18	9	11	20	22	13	15	23	21	17	19	24
8	6	4	10	12	2	1	14	16	3	5	18	20	7	9	22	23	11	13	21	19	15	24	17
10	8	6	12	14	4	2	16	18	1	3	20	22	5	7	23	21	9	11	19	17	13	15	24
12	10	8	14	16	6	4	18	20	2	1	22	23	3	5	21	19	7	9	17	15	11	24	13
14	12	10	16	18	8	6	20	22	4	2	23	21	1	3	19	17	5	7	15	13	9	11	24
16	14	12	18	20	10	8	22	23	6	4	21	19	2	1	17	15	3	5	13	11	7	24	9
18	16	14	20	22	12	10	23	21	8	6	19	17	4	2	15	13	1	3	11	9	5	7	24
20	18	16	22	23	14	12	21	19	10	8	17	15	6	4	13	11	2	1	9	7	3	24	5
22	20	18	23	21	16	14	19	17	12	10	15	13	8	6	11	9	4	2	7	5	1	3	24
23	22	20	21	19	18	16	17	15	14	12	13	11	10	8	9	7	6	4	5	3	2	24	1
21	23	22	19	17	20	18	15	13	16	14	11	9	12	10	7	5	8	6	3	1	4	2	24
19	21	23	17	15	22	20	13	11	18	16	9	7	14	12	5	3	10	8	1	2	6	24	4
17	19	21	15	13	23	22	11	9	20	18	7	5	16	14	3	1	12	10	2	4	8	6	24
15	17	19	13	11	21	23	9	7	22	20	5	3	18	16	1	2	14	12	4	6	10	24	8
13	15	17	11	9	19	21	7	5	23	22	3	1	20	18	2	4	16	14	6	8	12	10	24
11	13	15	9	7	17	19	5	3	21	23	1	2	22	20	4	6	18	16	8	10	14	24	12
9	11	13	7	5	15	17	3	1	19	21	2	4	23	22	6	8	20	18	10	12	16	14	24
7	9	11	5	3	13	15	1	2	17	19	4	6	21	23	8	10	22	20	12	14	18	24	16
5	7	9	3	1	11	13	2	4	15	17	6	8	19	21	10	12	23	22	14	16	20	18	24
3	5	7	1	2	9	11	4	6	13	15	8	10	17	19	12	14	21	23	16	18	22	24	20
1	3	5	2	4	7	9	6	8	11	13	10	12	15	17	14	16	19	21	18	20	23	22	24


Home and Away position count. Row number = index.
Counts of 1 are expected. They occur when the team number is only Home (or Away) once on that table in a single round robin fixture.
Counts of non 1 in a round robin fixture:  47
1	1	1	1	1	1	1	1	1	1	1	1	1	1	1	1	1	1	1	1	1	1	1	0
1	1	1	1	1	1	1	1	1	1	1	1	1	1	1	1	1	1	1	1	1	1	0	1
1	1	1	1	1	1	1	1	1	1	1	1	1	1	1	1	1	1	1	1	1	1	0	1
1	1	1	1	1	1	1	1	1	1	1	1	1	1	1	1	1	1	1	1	1	1	1	0
1	1	1	1	1	1	1	1	1	1	1	1	1	1	1	1	1	1	1	1	1	1	1	0
1	1	1	1	1	1	1	1	1	1	1	1	1	1	1	1	1	1	1	1	1	1	0	1
1	1	1	1	1	1	1	1	1	1	1	1	1	1	1	1	1	1	1	1	1	1	0	1
1	1	1	1	1	1	1	1	1	1	1	1	1	1	1	1	1	1	1	1	1	1	1	0
1	1	1	1	1	1	1	1	1	1	1	1	1	1	1	1	1	1	1	1	1	1	1	0
1	1	1	1	1	1	1	1	1	1	1	1	1	1	1	1	1	1	1	1	1	1	0	1
1	1	1	1	1	1	1	1	1	1	1	1	1	1	1	1	1	1	1	1	1	1	0	1
1	1	1	1	1	1	1	1	1	1	1	1	1	1	1	1	1	1	1	1	1	1	1	0
1	1	1	1	1	1	1	1	1	1	1	1	1	1	1	1	1	1	1	1	1	1	1	0
1	1	1	1	1	1	1	1	1	1	1	1	1	1	1	1	1	1	1	1	1	1	0	1
1	1	1	1	1	1	1	1	1	1	1	1	1	1	1	1	1	1	1	1	1	1	0	1
1	1	1	1	1	1	1	1	1	1	1	1	1	1	1	1	1	1	1	1	1	1	1	0
1	1	1	1	1	1	1	1	1	1	1	1	1	1	1	1	1	1	1	1	1	1	1	0
1	1	1	1	1	1	1	1	1	1	1	1	1	1	1	1	1	1	1	1	1	1	0	1
1	1	1	1	1	1	1	1	1	1	1	1	1	1	1	1	1	1	1	1	1	1	0	1
1	1	1	1	1	1	1	1	1	1	1	1	1	1	1	1	1	1	1	1	1	1	1	0
1	1	1	1	1	1	1	1	1	1	1	1	1	1	1	1	1	1	1	1	1	1	1	0
1	1	1	1	1	1	1	1	1	1	1	1	1	1	1	1	1	1	1	1	1	1	0	1
1	1	1	1	1	1	1	1	1	1	1	1	1	1	1	1	1	1	1	1	1	1	0	1
0	0	0	0	0	0	0	0	0	0	0	0	0	0	0	0	0	0	0	0	0	0	12	11


Match/Table count. Row number = index.
Counts of 3 or 4 are expected. They occur when the team numbers plays on that table in a double round robin fixture.
Counts of non 3 or 4 in a double round robin fixture:  35
4	4	4	4	4	4	4	4	4	4	4	2
4	4	4	4	4	4	4	4	4	4	4	2
4	4	4	4	4	4	4	4	4	4	4	2
4	4	4	4	4	4	4	4	4	4	4	2
4	4	4	4	4	4	4	4	4	4	4	2
4	4	4	4	4	4	4	4	4	4	4	2
4	4	4	4	4	4	4	4	4	4	4	2
4	4	4	4	4	4	4	4	4	4	4	2
4	4	4	4	4	4	4	4	4	4	4	2
4	4	4	4	4	4	4	4	4	4	4	2
4	4	4	4	4	4	4	4	4	4	4	2
4	4	4	4	4	4	4	4	4	4	4	2
4	4	4	4	4	4	4	4	4	4	4	2
4	4	4	4	4	4	4	4	4	4	4	2
4	4	4	4	4	4	4	4	4	4	4	2
4	4	4	4	4	4	4	4	4	4	4	2
4	4	4	4	4	4	4	4	4	4	4	2
4	4	4	4	4	4	4	4	4	4	4	2
4	4	4	4	4	4	4	4	4	4	4	2
4	4	4	4	4	4	4	4	4	4	4	2
4	4	4	4	4	4	4	4	4	4	4	2
4	4	4	4	4	4	4	4	4	4	4	2
4	4	4	4	4	4	4	4	4	4	4	2
0	0	0	0	0	0	0	0	0	0	0	46


Home and Away vertical sequence for each team number.
Runs of 3: 2
H	.	.	H	H	.	.	H	H	.	.	H	H	.	.	H	H	.	.	H	H	.	.	H
.	H	H	.	.	H	H	.	.	H	H	.	.	H	H	.	.	H	H	.	H	H	.	.
H	.	.	H	H	.	.	H	H	.	.	H	H	.	.	H	H	.	.	H	.	.	H	H
.	H	H	.	.	H	H	.	.	H	H	.	.	H	H	.	H	H	.	.	H	H	.	.
H	.	.	H	H	.	.	H	H	.	.	H	H	.	.	H	.	.	H	H	.	.	H	H
.	H	H	.	.	H	H	.	.	H	H	.	H	H	.	.	H	H	.	.	H	H	.	.
H	.	.	H	H	.	.	H	H	.	.	H	.	.	H	H	.	.	H	H	.	.	H	H
.	H	H	.	.	H	H	.	H	H	.	.	H	H	.	.	H	H	.	.	H	H	.	.
H	.	.	H	H	.	.	H	.	.	H	H	.	.	H	H	.	.	H	H	.	.	H	H
.	H	H	.	H	H	.	.	H	H	.	.	H	H	.	.	H	H	.	.	H	H	.	.
H	.	.	H	.	.	H	H	.	.	H	H	.	.	H	H	.	.	H	H	.	.	H	H
H	H	.	.	H	H	.	.	H	H	.	.	H	H	.	.	H	H	.	.	H	H	.	.
.	.	H	H	.	.	H	H	.	.	H	H	.	.	H	H	.	.	H	H	.	.	H	H
H	.	.	H	H	H	.	.	H	H	.	.	H	H	.	.	H	H	.	.	H	H	.	.
.	H	H	.	.	.	H	H	.	.	H	H	.	.	H	H	.	.	H	H	.	.	H	H
H	.	.	H	H	.	.	H	H	H	.	.	H	H	.	.	H	H	.	.	H	H	.	.
.	H	H	.	.	H	H	.	.	.	H	H	.	.	H	H	.	.	H	H	.	.	H	H
H	.	.	H	H	.	.	H	H	.	.	H	H	H	.	.	H	H	.	.	H	H	.	.
.	H	H	.	.	H	H	.	.	H	H	.	.	.	H	H	.	.	H	H	.	.	H	H
H	.	.	H	H	.	.	H	H	.	.	H	H	.	.	H	H	H	.	.	H	H	.	.
.	H	H	.	.	H	H	.	.	H	H	.	.	H	H	.	.	.	H	H	.	.	H	H
H	.	.	H	H	.	.	H	H	.	.	H	H	.	.	H	H	.	.	H	H	H	.	.
.	H	H	.	.	H	H	.	.	H	H	.	.	H	H	.	.	H	H	.	.	.	H	H
.	H	H	.	.	H	H	.	.	H	H	.	.	H	H	.	.	H	H	.	.	H	H	.
H	.	.	H	H	.	.	H	H	.	.	H	H	.	.	H	H	.	.	H	.	.	H	H
.	H	H	.	.	H	H	.	.	H	H	.	.	H	H	.	.	H	H	.	H	H	.	.
H	.	.	H	H	.	.	H	H	.	.	H	H	.	.	H	.	.	H	H	.	.	H	H
.	H	H	.	.	H	H	.	.	H	H	.	.	H	H	.	H	H	.	.	H	H	.	.
H	.	.	H	H	.	.	H	H	.	.	H	.	.	H	H	.	.	H	H	.	.	H	H
.	H	H	.	.	H	H	.	.	H	H	.	H	H	.	.	H	H	.	.	H	H	.	.
H	.	.	H	H	.	.	H	.	.	H	H	.	.	H	H	.	.	H	H	.	.	H	H
.	H	H	.	.	H	H	.	H	H	.	.	H	H	.	.	H	H	.	.	H	H	.	.
H	.	.	H	.	.	H	H	.	.	H	H	.	.	H	H	.	.	H	H	.	.	H	H
.	H	H	.	H	H	.	.	H	H	.	.	H	H	.	.	H	H	.	.	H	H	.	.
.	.	H	H	.	.	H	H	.	.	H	H	.	.	H	H	.	.	H	H	.	.	H	H
H	H	.	.	H	H	.	.	H	H	.	.	H	H	.	.	H	H	.	.	H	H	.	.
.	H	H	.	.	.	H	H	.	.	H	H	.	.	H	H	.	.	H	H	.	.	H	H
H	.	.	H	H	H	.	.	H	H	.	.	H	H	.	.	H	H	.	.	H	H	.	.
.	H	H	.	.	H	H	.	.	.	H	H	.	.	H	H	.	.	H	H	.	.	H	H
H	.	.	H	H	.	.	H	H	H	.	.	H	H	.	.	H	H	.	.	H	H	.	.
.	H	H	.	.	H	H	.	.	H	H	.	.	.	H	H	.	.	H	H	.	.	H	H
H	.	.	H	H	.	.	H	H	.	.	H	H	H	.	.	H	H	.	.	H	H	.	.
.	H	H	.	.	H	H	.	.	H	H	.	.	H	H	.	.	.	H	H	.	.	H	H
H	.	.	H	H	.	.	H	H	.	.	H	H	.	.	H	H	H	.	.	H	H	.	.
.	H	H	.	.	H	H	.	.	H	H	.	.	H	H	.	.	H	H	.	.	.	H	H
H	.	.	H	H	.	.	H	H	.	.	H	H	.	.	H	H	.	.	H	H	H	.	.

Opponents by round:
1:	2	6	10	14	18	22	21	17	13	9	5	24	4	8	12	16	20	23	19	15	11	7	3	2	6	10	14	18	22	21	17	13	9	5	24	4	8	12	16	20	23	19	15	11	7	3
2:	1	4	8	12	16	20	23	19	15	11	7	3	24	6	10	14	18	22	21	17	13	9	5	1	4	8	12	16	20	23	19	15	11	7	3	24	6	10	14	18	22	21	17	13	9	5
3:	4	8	12	16	20	23	19	15	11	7	24	2	6	10	14	18	22	21	17	13	9	5	1	4	8	12	16	20	23	19	15	11	7	24	2	6	10	14	18	22	21	17	13	9	5	1
4:	3	2	6	10	14	18	22	21	17	13	9	5	1	24	8	12	16	20	23	19	15	11	7	3	2	6	10	14	18	22	21	17	13	9	5	1	24	8	12	16	20	23	19	15	11	7
5:	6	10	14	18	22	21	17	13	9	24	1	4	8	12	16	20	23	19	15	11	7	3	2	6	10	14	18	22	21	17	13	9	24	1	4	8	12	16	20	23	19	15	11	7	3	2
6:	5	1	4	8	12	16	20	23	19	15	11	7	3	2	24	10	14	18	22	21	17	13	9	5	1	4	8	12	16	20	23	19	15	11	7	3	2	24	10	14	18	22	21	17	13	9
7:	8	12	16	20	23	19	15	11	24	3	2	6	10	14	18	22	21	17	13	9	5	1	4	8	12	16	20	23	19	15	11	24	3	2	6	10	14	18	22	21	17	13	9	5	1	4
8:	7	3	2	6	10	14	18	22	21	17	13	9	5	1	4	24	12	16	20	23	19	15	11	7	3	2	6	10	14	18	22	21	17	13	9	5	1	4	24	12	16	20	23	19	15	11
9:	10	14	18	22	21	17	13	24	5	1	4	8	12	16	20	23	19	15	11	7	3	2	6	10	14	18	22	21	17	13	24	5	1	4	8	12	16	20	23	19	15	11	7	3	2	6
10:	9	5	1	4	8	12	16	20	23	19	15	11	7	3	2	6	24	14	18	22	21	17	13	9	5	1	4	8	12	16	20	23	19	15	11	7	3	2	6	24	14	18	22	21	17	13
11:	12	16	20	23	19	15	24	7	3	2	6	10	14	18	22	21	17	13	9	5	1	4	8	12	16	20	23	19	15	24	7	3	2	6	10	14	18	22	21	17	13	9	5	1	4	8
12:	11	7	3	2	6	10	14	18	22	21	17	13	9	5	1	4	8	24	16	20	23	19	15	11	7	3	2	6	10	14	18	22	21	17	13	9	5	1	4	8	24	16	20	23	19	15
13:	14	18	22	21	17	24	9	5	1	4	8	12	16	20	23	19	15	11	7	3	2	6	10	14	18	22	21	17	24	9	5	1	4	8	12	16	20	23	19	15	11	7	3	2	6	10
14:	13	9	5	1	4	8	12	16	20	23	19	15	11	7	3	2	6	10	24	18	22	21	17	13	9	5	1	4	8	12	16	20	23	19	15	11	7	3	2	6	10	24	18	22	21	17
15:	16	20	23	19	24	11	7	3	2	6	10	14	18	22	21	17	13	9	5	1	4	8	12	16	20	23	19	24	11	7	3	2	6	10	14	18	22	21	17	13	9	5	1	4	8	12
16:	15	11	7	3	2	6	10	14	18	22	21	17	13	9	5	1	4	8	12	24	20	23	19	15	11	7	3	2	6	10	14	18	22	21	17	13	9	5	1	4	8	12	24	20	23	19
17:	18	22	21	24	13	9	5	1	4	8	12	16	20	23	19	15	11	7	3	2	6	10	14	18	22	21	24	13	9	5	1	4	8	12	16	20	23	19	15	11	7	3	2	6	10	14
18:	17	13	9	5	1	4	8	12	16	20	23	19	15	11	7	3	2	6	10	14	24	22	21	17	13	9	5	1	4	8	12	16	20	23	19	15	11	7	3	2	6	10	14	24	22	21
19:	20	23	24	15	11	7	3	2	6	10	14	18	22	21	17	13	9	5	1	4	8	12	16	20	23	24	15	11	7	3	2	6	10	14	18	22	21	17	13	9	5	1	4	8	12	16
20:	19	15	11	7	3	2	6	10	14	18	22	21	17	13	9	5	1	4	8	12	16	24	23	19	15	11	7	3	2	6	10	14	18	22	21	17	13	9	5	1	4	8	12	16	24	23
21:	22	24	17	13	9	5	1	4	8	12	16	20	23	19	15	11	7	3	2	6	10	14	18	22	24	17	13	9	5	1	4	8	12	16	20	23	19	15	11	7	3	2	6	10	14	18
22:	21	17	13	9	5	1	4	8	12	16	20	23	19	15	11	7	3	2	6	10	14	18	24	21	17	13	9	5	1	4	8	12	16	20	23	19	15	11	7	3	2	6	10	14	18	24
23:	24	19	15	11	7	3	2	6	10	14	18	22	21	17	13	9	5	1	4	8	12	16	20	24	19	15	11	7	3	2	6	10	14	18	22	21	17	13	9	5	1	4	8	12	16	20
24:	23	21	19	17	15	13	11	9	7	5	3	1	2	4	6	8	10	12	14	16	18	20	22	23	21	19	17	15	13	11	9	7	5	3	1	2	4	6	8	10	12	14	16	18	20	22

