Fixture analysis. 20_1

Single round robin Fixture grid.
1	20	19	2	3	18	17	4	5	16	15	6	7	14	13	8	9	12	11	10
19	1	18	20	2	17	16	3	4	15	14	5	6	13	12	7	8	11	10	9
1	18	17	19	20	16	15	2	3	14	13	4	5	12	11	6	7	10	9	8
17	1	16	18	19	15	14	20	2	13	12	3	4	11	10	5	6	9	8	7
1	16	15	17	18	14	13	19	20	12	11	2	3	10	9	4	5	8	7	6
15	1	14	16	17	13	12	18	19	11	10	20	2	9	8	3	4	7	6	5
1	14	13	15	16	12	11	17	18	10	9	19	20	8	7	2	3	6	5	4
13	1	12	14	15	11	10	16	17	9	8	18	19	7	6	20	2	5	4	3
1	12	11	13	14	10	9	15	16	8	7	17	18	6	5	19	20	4	3	2
11	1	10	12	13	9	8	14	15	7	6	16	17	5	4	18	19	3	2	20
1	10	9	11	12	8	7	13	14	6	5	15	16	4	3	17	18	2	20	19
9	1	8	10	11	7	6	12	13	5	4	14	15	3	2	16	17	20	19	18
1	8	7	9	10	6	5	11	12	4	3	13	14	2	20	15	16	19	18	17
7	1	6	8	9	5	4	10	11	3	2	12	13	20	19	14	15	18	17	16
1	6	5	7	8	4	3	9	10	2	20	11	12	19	18	13	14	17	16	15
5	1	4	6	7	3	2	8	9	20	19	10	11	18	17	12	13	16	15	14
1	4	3	5	6	2	20	7	8	19	18	9	10	17	16	11	12	15	14	13
3	1	2	4	5	20	19	6	7	18	17	8	9	16	15	10	11	14	13	12
1	2	20	3	4	19	18	5	6	17	16	7	8	15	14	9	10	13	12	11


Double round robin Fixture grid.
1	20	19	2	3	18	17	4	5	16	15	6	7	14	13	8	9	12	11	10
19	1	18	20	2	17	16	3	4	15	14	5	6	13	12	7	8	11	10	9
1	18	17	19	20	16	15	2	3	14	13	4	5	12	11	6	7	10	9	8
17	1	16	18	19	15	14	20	2	13	12	3	4	11	10	5	6	9	8	7
1	16	15	17	18	14	13	19	20	12	11	2	3	10	9	4	5	8	7	6
15	1	14	16	17	13	12	18	19	11	10	20	2	9	8	3	4	7	6	5
1	14	13	15	16	12	11	17	18	10	9	19	20	8	7	2	3	6	5	4
13	1	12	14	15	11	10	16	17	9	8	18	19	7	6	20	2	5	4	3
1	12	11	13	14	10	9	15	16	8	7	17	18	6	5	19	20	4	3	2
11	1	10	12	13	9	8	14	15	7	6	16	17	5	4	18	19	3	2	20
1	10	9	11	12	8	7	13	14	6	5	15	16	4	3	17	18	2	20	19
9	1	8	10	11	7	6	12	13	5	4	14	15	3	2	16	17	20	19	18
1	8	7	9	10	6	5	11	12	4	3	13	14	2	20	15	16	19	18	17
7	1	6	8	9	5	4	10	11	3	2	12	13	20	19	14	15	18	17	16
1	6	5	7	8	4	3	9	10	2	20	11	12	19	18	13	14	17	16	15
5	1	4	6	7	3	2	8	9	20	19	10	11	18	17	12	13	16	15	14
1	4	3	5	6	2	20	7	8	19	18	9	10	17	16	11	12	15	14	13
3	1	2	4	5	20	19	6	7	18	17	8	9	16	15	10	11	14	13	12
1	2	20	3	4	19	18	5	6	17	16	7	8	15	14	9	10	13	12	11
20	1	2	19	18	3	4	17	16	5	6	15	14	7	8	13	12	9	10	11
1	19	20	18	17	2	3	16	15	4	5	14	13	6	7	12	11	8	9	10
18	1	19	17	16	20	2	15	14	3	4	13	12	5	6	11	10	7	8	9
1	17	18	16	15	19	20	14	13	2	3	12	11	4	5	10	9	6	7	8
16	1	17	15	14	18	19	13	12	20	2	11	10	3	4	9	8	5	6	7
1	15	16	14	13	17	18	12	11	19	20	10	9	2	3	8	7	4	5	6
14	1	15	13	12	16	17	11	10	18	19	9	8	20	2	7	6	3	4	5
1	13	14	12	11	15	16	10	9	17	18	8	7	19	20	6	5	2	3	4
12	1	13	11	10	14	15	9	8	16	17	7	6	18	19	5	4	20	2	3
1	11	12	10	9	13	14	8	7	15	16	6	5	17	18	4	3	19	20	2
10	1	11	9	8	12	13	7	6	14	15	5	4	16	17	3	2	18	19	20
1	9	10	8	7	11	12	6	5	13	14	4	3	15	16	2	20	17	18	19
8	1	9	7	6	10	11	5	4	12	13	3	2	14	15	20	19	16	17	18
1	7	8	6	5	9	10	4	3	11	12	2	20	13	14	19	18	15	16	17
6	1	7	5	4	8	9	3	2	10	11	20	19	12	13	18	17	14	15	16
1	5	6	4	3	7	8	2	20	9	10	19	18	11	12	17	16	13	14	15
4	1	5	3	2	6	7	20	19	8	9	18	17	10	11	16	15	12	13	14
1	3	4	2	20	5	6	19	18	7	8	17	16	9	10	15	14	11	12	13
2	1	3	20	19	4	5	18	17	6	7	16	15	8	9	14	13	10	11	12


Home and Away position count. Row number = index.
Counts of 1 are expected. They occur when the team number is only Home (or Away) once on that table in a single round robin fixture.
Counts of non 1 in a round robin fixture:  39
10	9	0	0	0	0	0	0	0	0	0	0	0	0	0	0	0	0	0	0
0	1	1	1	1	1	1	1	1	1	1	1	1	1	1	1	1	1	1	1
1	0	1	1	1	1	1	1	1	1	1	1	1	1	1	1	1	1	1	1
0	1	1	1	1	1	1	1	1	1	1	1	1	1	1	1	1	1	1	1
1	0	1	1	1	1	1	1	1	1	1	1	1	1	1	1	1	1	1	1
0	1	1	1	1	1	1	1	1	1	1	1	1	1	1	1	1	1	1	1
1	0	1	1	1	1	1	1	1	1	1	1	1	1	1	1	1	1	1	1
0	1	1	1	1	1	1	1	1	1	1	1	1	1	1	1	1	1	1	1
1	0	1	1	1	1	1	1	1	1	1	1	1	1	1	1	1	1	1	1
0	1	1	1	1	1	1	1	1	1	1	1	1	1	1	1	1	1	1	1
1	0	1	1	1	1	1	1	1	1	1	1	1	1	1	1	1	1	1	1
0	1	1	1	1	1	1	1	1	1	1	1	1	1	1	1	1	1	1	1
1	0	1	1	1	1	1	1	1	1	1	1	1	1	1	1	1	1	1	1
0	1	1	1	1	1	1	1	1	1	1	1	1	1	1	1	1	1	1	1
1	0	1	1	1	1	1	1	1	1	1	1	1	1	1	1	1	1	1	1
0	1	1	1	1	1	1	1	1	1	1	1	1	1	1	1	1	1	1	1
1	0	1	1	1	1	1	1	1	1	1	1	1	1	1	1	1	1	1	1
0	1	1	1	1	1	1	1	1	1	1	1	1	1	1	1	1	1	1	1
1	0	1	1	1	1	1	1	1	1	1	1	1	1	1	1	1	1	1	1
0	1	1	1	1	1	1	1	1	1	1	1	1	1	1	1	1	1	1	1


Match/Table count. Row number = index.
Counts of 3 or 4 are expected. They occur when the team numbers plays on that table in a double round robin fixture.
Counts of non 3 or 4 in a double round robin fixture:  29
38	0	0	0	0	0	0	0	0	0
2	4	4	4	4	4	4	4	4	4
2	4	4	4	4	4	4	4	4	4
2	4	4	4	4	4	4	4	4	4
2	4	4	4	4	4	4	4	4	4
2	4	4	4	4	4	4	4	4	4
2	4	4	4	4	4	4	4	4	4
2	4	4	4	4	4	4	4	4	4
2	4	4	4	4	4	4	4	4	4
2	4	4	4	4	4	4	4	4	4
2	4	4	4	4	4	4	4	4	4
2	4	4	4	4	4	4	4	4	4
2	4	4	4	4	4	4	4	4	4
2	4	4	4	4	4	4	4	4	4
2	4	4	4	4	4	4	4	4	4
2	4	4	4	4	4	4	4	4	4
2	4	4	4	4	4	4	4	4	4
2	4	4	4	4	4	4	4	4	4
2	4	4	4	4	4	4	4	4	4
2	4	4	4	4	4	4	4	4	4


Home and Away vertical sequence for each team number.
Runs of 3: 2
H	.	H	.	H	.	H	.	H	.	H	.	H	.	H	.	H	.	H	.
.	H	.	H	.	H	.	H	.	H	.	H	.	H	.	H	.	H	H	.
H	.	H	.	H	.	H	.	H	.	H	.	H	.	H	.	H	.	.	H
.	H	.	H	.	H	.	H	.	H	.	H	.	H	.	H	H	.	H	.
H	.	H	.	H	.	H	.	H	.	H	.	H	.	H	.	.	H	.	H
.	H	.	H	.	H	.	H	.	H	.	H	.	H	H	.	H	.	H	.
H	.	H	.	H	.	H	.	H	.	H	.	H	.	.	H	.	H	.	H
.	H	.	H	.	H	.	H	.	H	.	H	H	.	H	.	H	.	H	.
H	.	H	.	H	.	H	.	H	.	H	.	.	H	.	H	.	H	.	H
.	H	.	H	.	H	.	H	.	H	H	.	H	.	H	.	H	.	H	.
H	.	H	.	H	.	H	.	H	.	.	H	.	H	.	H	.	H	.	H
.	H	.	H	.	H	.	H	H	.	H	.	H	.	H	.	H	.	H	.
H	.	H	.	H	.	H	.	.	H	.	H	.	H	.	H	.	H	.	H
.	H	.	H	.	H	H	.	H	.	H	.	H	.	H	.	H	.	H	.
H	.	H	.	H	.	.	H	.	H	.	H	.	H	.	H	.	H	.	H
.	H	.	H	H	.	H	.	H	.	H	.	H	.	H	.	H	.	H	.
H	.	H	.	.	H	.	H	.	H	.	H	.	H	.	H	.	H	.	H
.	H	H	.	H	.	H	.	H	.	H	.	H	.	H	.	H	.	H	.
H	.	.	H	.	H	.	H	.	H	.	H	.	H	.	H	.	H	.	H
.	H	.	H	.	H	.	H	.	H	.	H	.	H	.	H	.	H	.	H
H	.	H	.	H	.	H	.	H	.	H	.	H	.	H	.	H	.	.	H
.	H	.	H	.	H	.	H	.	H	.	H	.	H	.	H	.	H	H	.
H	.	H	.	H	.	H	.	H	.	H	.	H	.	H	.	.	H	.	H
.	H	.	H	.	H	.	H	.	H	.	H	.	H	.	H	H	.	H	.
H	.	H	.	H	.	H	.	H	.	H	.	H	.	.	H	.	H	.	H
.	H	.	H	.	H	.	H	.	H	.	H	.	H	H	.	H	.	H	.
H	.	H	.	H	.	H	.	H	.	H	.	.	H	.	H	.	H	.	H
.	H	.	H	.	H	.	H	.	H	.	H	H	.	H	.	H	.	H	.
H	.	H	.	H	.	H	.	H	.	.	H	.	H	.	H	.	H	.	H
.	H	.	H	.	H	.	H	.	H	H	.	H	.	H	.	H	.	H	.
H	.	H	.	H	.	H	.	.	H	.	H	.	H	.	H	.	H	.	H
.	H	.	H	.	H	.	H	H	.	H	.	H	.	H	.	H	.	H	.
H	.	H	.	H	.	.	H	.	H	.	H	.	H	.	H	.	H	.	H
.	H	.	H	.	H	H	.	H	.	H	.	H	.	H	.	H	.	H	.
H	.	H	.	.	H	.	H	.	H	.	H	.	H	.	H	.	H	.	H
.	H	.	H	H	.	H	.	H	.	H	.	H	.	H	.	H	.	H	.
H	.	.	H	.	H	.	H	.	H	.	H	.	H	.	H	.	H	.	H
.	H	H	.	H	.	H	.	H	.	H	.	H	.	H	.	H	.	H	.

Opponents by round:
1:	20	19	18	17	16	15	14	13	12	11	10	9	8	7	6	5	4	3	2	20	19	18	17	16	15	14	13	12	11	10	9	8	7	6	5	4	3	2
2:	19	17	15	13	11	9	7	5	3	20	18	16	14	12	10	8	6	4	1	19	17	15	13	11	9	7	5	3	20	18	16	14	12	10	8	6	4	1
3:	18	16	14	12	10	8	6	4	2	19	17	15	13	11	9	7	5	1	20	18	16	14	12	10	8	6	4	2	19	17	15	13	11	9	7	5	1	20
4:	17	15	13	11	9	7	5	3	20	18	16	14	12	10	8	6	1	2	19	17	15	13	11	9	7	5	3	20	18	16	14	12	10	8	6	1	2	19
5:	16	14	12	10	8	6	4	2	19	17	15	13	11	9	7	1	3	20	18	16	14	12	10	8	6	4	2	19	17	15	13	11	9	7	1	3	20	18
6:	15	13	11	9	7	5	3	20	18	16	14	12	10	8	1	4	2	19	17	15	13	11	9	7	5	3	20	18	16	14	12	10	8	1	4	2	19	17
7:	14	12	10	8	6	4	2	19	17	15	13	11	9	1	5	3	20	18	16	14	12	10	8	6	4	2	19	17	15	13	11	9	1	5	3	20	18	16
8:	13	11	9	7	5	3	20	18	16	14	12	10	1	6	4	2	19	17	15	13	11	9	7	5	3	20	18	16	14	12	10	1	6	4	2	19	17	15
9:	12	10	8	6	4	2	19	17	15	13	11	1	7	5	3	20	18	16	14	12	10	8	6	4	2	19	17	15	13	11	1	7	5	3	20	18	16	14
10:	11	9	7	5	3	20	18	16	14	12	1	8	6	4	2	19	17	15	13	11	9	7	5	3	20	18	16	14	12	1	8	6	4	2	19	17	15	13
11:	10	8	6	4	2	19	17	15	13	1	9	7	5	3	20	18	16	14	12	10	8	6	4	2	19	17	15	13	1	9	7	5	3	20	18	16	14	12
12:	9	7	5	3	20	18	16	14	1	10	8	6	4	2	19	17	15	13	11	9	7	5	3	20	18	16	14	1	10	8	6	4	2	19	17	15	13	11
13:	8	6	4	2	19	17	15	1	11	9	7	5	3	20	18	16	14	12	10	8	6	4	2	19	17	15	1	11	9	7	5	3	20	18	16	14	12	10
14:	7	5	3	20	18	16	1	12	10	8	6	4	2	19	17	15	13	11	9	7	5	3	20	18	16	1	12	10	8	6	4	2	19	17	15	13	11	9
15:	6	4	2	19	17	1	13	11	9	7	5	3	20	18	16	14	12	10	8	6	4	2	19	17	1	13	11	9	7	5	3	20	18	16	14	12	10	8
16:	5	3	20	18	1	14	12	10	8	6	4	2	19	17	15	13	11	9	7	5	3	20	18	1	14	12	10	8	6	4	2	19	17	15	13	11	9	7
17:	4	2	19	1	15	13	11	9	7	5	3	20	18	16	14	12	10	8	6	4	2	19	1	15	13	11	9	7	5	3	20	18	16	14	12	10	8	6
18:	3	20	1	16	14	12	10	8	6	4	2	19	17	15	13	11	9	7	5	3	20	1	16	14	12	10	8	6	4	2	19	17	15	13	11	9	7	5
19:	2	1	17	15	13	11	9	7	5	3	20	18	16	14	12	10	8	6	4	2	1	17	15	13	11	9	7	5	3	20	18	16	14	12	10	8	6	4
20:	1	18	16	14	12	10	8	6	4	2	19	17	15	13	11	9	7	5	3	1	18	16	14	12	10	8	6	4	2	19	17	15	13	11	9	7	5	3

