Fixture analysis. 13B

Single round robin Fixture grid.
1	12	11	2	3	10	9	4	5	8	7	6	14	13
13	11	10	1	2	9	8	3	4	7	6	5	12	14
12	10	9	13	1	8	7	2	3	6	5	4	14	11
11	9	8	12	13	7	6	1	2	5	4	3	10	14
10	8	7	11	12	6	5	13	1	4	3	2	14	9
9	7	6	10	11	5	4	12	13	3	2	1	8	14
8	6	5	9	10	4	3	11	12	2	1	13	14	7
7	5	4	8	9	3	2	10	11	1	13	12	6	14
6	4	3	7	8	2	1	9	10	13	12	11	14	5
5	3	2	6	7	1	13	8	9	12	11	10	4	14
4	2	1	5	6	13	12	7	8	11	10	9	14	3
3	1	13	4	5	12	11	6	7	10	9	8	2	14
2	13	12	3	4	11	10	5	6	9	8	7	14	1


Double round robin Fixture grid.
1	12	11	2	3	10	9	4	5	8	7	6	14	13
13	11	10	1	2	9	8	3	4	7	6	5	12	14
12	10	9	13	1	8	7	2	3	6	5	4	14	11
11	9	8	12	13	7	6	1	2	5	4	3	10	14
10	8	7	11	12	6	5	13	1	4	3	2	14	9
9	7	6	10	11	5	4	12	13	3	2	1	8	14
8	6	5	9	10	4	3	11	12	2	1	13	14	7
7	5	4	8	9	3	2	10	11	1	13	12	6	14
6	4	3	7	8	2	1	9	10	13	12	11	14	5
5	3	2	6	7	1	13	8	9	12	11	10	4	14
4	2	1	5	6	13	12	7	8	11	10	9	14	3
3	1	13	4	5	12	11	6	7	10	9	8	2	14
2	13	12	3	4	11	10	5	6	9	8	7	14	1
12	1	2	11	10	3	4	9	8	5	6	7	13	14
11	13	1	10	9	2	3	8	7	4	5	6	14	12
10	12	13	9	8	1	2	7	6	3	4	5	11	14
9	11	12	8	7	13	1	6	5	2	3	4	14	10
8	10	11	7	6	12	13	5	4	1	2	3	9	14
7	9	10	6	5	11	12	4	3	13	1	2	14	8
6	8	9	5	4	10	11	3	2	12	13	1	7	14
5	7	8	4	3	9	10	2	1	11	12	13	14	6
4	6	7	3	2	8	9	1	13	10	11	12	5	14
3	5	6	2	1	7	8	13	12	9	10	11	14	4
2	4	5	1	13	6	7	12	11	8	9	10	3	14
1	3	4	13	12	5	6	11	10	7	8	9	14	2
13	2	3	12	11	4	5	10	9	6	7	8	1	14


Home and Away position count. Row number = index.
Counts of 1 are expected. They occur when the team number is only Home (or Away) once on that table in a single round robin fixture.
Counts of non 1 in a round robin fixture:  27
1	1	1	1	1	1	1	1	1	1	1	1	0	1
1	1	1	1	1	1	1	1	1	1	1	1	1	0
1	1	1	1	1	1	1	1	1	1	1	1	0	1
1	1	1	1	1	1	1	1	1	1	1	1	1	0
1	1	1	1	1	1	1	1	1	1	1	1	0	1
1	1	1	1	1	1	1	1	1	1	1	1	1	0
1	1	1	1	1	1	1	1	1	1	1	1	0	1
1	1	1	1	1	1	1	1	1	1	1	1	1	0
1	1	1	1	1	1	1	1	1	1	1	1	0	1
1	1	1	1	1	1	1	1	1	1	1	1	1	0
1	1	1	1	1	1	1	1	1	1	1	1	0	1
1	1	1	1	1	1	1	1	1	1	1	1	1	0
1	1	1	1	1	1	1	1	1	1	1	1	0	1
0	0	0	0	0	0	0	0	0	0	0	0	7	6


Match/Table count. Row number = index.
Counts of 3 or 4 are expected. They occur when the team numbers plays on that table in a double round robin fixture.
Counts of non 3 or 4 in a double round robin fixture:  20
4	4	4	4	4	4	2
4	4	4	4	4	4	2
4	4	4	4	4	4	2
4	4	4	4	4	4	2
4	4	4	4	4	4	2
4	4	4	4	4	4	2
4	4	4	4	4	4	2
4	4	4	4	4	4	2
4	4	4	4	4	4	2
4	4	4	4	4	4	2
4	4	4	4	4	4	2
4	4	4	4	4	4	2
4	4	4	4	4	4	2
0	0	0	0	0	0	26


Home and Away vertical sequence for each team number.
Runs of 3: 2
H	.	H	.	H	.	H	.	H	.	H	.	.	H
.	H	.	H	.	H	.	H	.	H	.	H	H	.
H	.	H	.	H	.	H	.	H	.	.	H	.	H
.	H	.	H	.	H	.	H	.	H	H	.	H	.
H	.	H	.	H	.	H	.	.	H	.	H	.	H
.	H	.	H	.	H	.	H	H	.	H	.	H	.
H	.	H	.	H	.	.	H	.	H	.	H	.	H
.	H	.	H	.	H	H	.	H	.	H	.	H	.
H	.	H	.	.	H	.	H	.	H	.	H	.	H
.	H	.	H	H	.	H	.	H	.	H	.	H	.
H	.	.	H	.	H	.	H	.	H	.	H	.	H
.	H	H	.	H	.	H	.	H	.	H	.	H	.
.	H	.	H	.	H	.	H	.	H	.	H	.	H
.	H	.	H	.	H	.	H	.	H	.	H	H	.
H	.	H	.	H	.	H	.	H	.	H	.	.	H
.	H	.	H	.	H	.	H	.	H	H	.	H	.
H	.	H	.	H	.	H	.	H	.	.	H	.	H
.	H	.	H	.	H	.	H	H	.	H	.	H	.
H	.	H	.	H	.	H	.	.	H	.	H	.	H
.	H	.	H	.	H	H	.	H	.	H	.	H	.
H	.	H	.	H	.	.	H	.	H	.	H	.	H
.	H	.	H	H	.	H	.	H	.	H	.	H	.
H	.	H	.	.	H	.	H	.	H	.	H	.	H
.	H	H	.	H	.	H	.	H	.	H	.	H	.
H	.	.	H	.	H	.	H	.	H	.	H	.	H
H	.	H	.	H	.	H	.	H	.	H	.	H	.

Opponents by round:
1:	12	10	8	6	4	2	13	11	9	7	5	3	14	12	10	8	6	4	2	13	11	9	7	5	3	14
2:	11	9	7	5	3	1	12	10	8	6	4	14	13	11	9	7	5	3	1	12	10	8	6	4	14	13
3:	10	8	6	4	2	13	11	9	7	5	14	1	12	10	8	6	4	2	13	11	9	7	5	14	1	12
4:	9	7	5	3	1	12	10	8	6	14	2	13	11	9	7	5	3	1	12	10	8	6	14	2	13	11
5:	8	6	4	2	13	11	9	7	14	3	1	12	10	8	6	4	2	13	11	9	7	14	3	1	12	10
6:	7	5	3	1	12	10	8	14	4	2	13	11	9	7	5	3	1	12	10	8	14	4	2	13	11	9
7:	6	4	2	13	11	9	14	5	3	1	12	10	8	6	4	2	13	11	9	14	5	3	1	12	10	8
8:	5	3	1	12	10	14	6	4	2	13	11	9	7	5	3	1	12	10	14	6	4	2	13	11	9	7
9:	4	2	13	11	14	7	5	3	1	12	10	8	6	4	2	13	11	14	7	5	3	1	12	10	8	6
10:	3	1	12	14	8	6	4	2	13	11	9	7	5	3	1	12	14	8	6	4	2	13	11	9	7	5
11:	2	13	14	9	7	5	3	1	12	10	8	6	4	2	13	14	9	7	5	3	1	12	10	8	6	4
12:	1	14	10	8	6	4	2	13	11	9	7	5	3	1	14	10	8	6	4	2	13	11	9	7	5	3
13:	14	11	9	7	5	3	1	12	10	8	6	4	2	14	11	9	7	5	3	1	12	10	8	6	4	2
14:	13	12	11	10	9	8	7	6	5	4	3	2	1	13	12	11	10	9	8	7	6	5	4	3	2	1

