Fixture analysis. 17B

Single round robin Fixture grid.
1	16	15	2	3	14	13	4	5	12	11	6	7	10	9	8	18	17
17	15	14	1	2	13	12	3	4	11	10	5	6	9	8	7	16	18
16	14	13	17	1	12	11	2	3	10	9	4	5	8	7	6	18	15
15	13	12	16	17	11	10	1	2	9	8	3	4	7	6	5	14	18
14	12	11	15	16	10	9	17	1	8	7	2	3	6	5	4	18	13
13	11	10	14	15	9	8	16	17	7	6	1	2	5	4	3	12	18
12	10	9	13	14	8	7	15	16	6	5	17	1	4	3	2	18	11
11	9	8	12	13	7	6	14	15	5	4	16	17	3	2	1	10	18
10	8	7	11	12	6	5	13	14	4	3	15	16	2	1	17	18	9
9	7	6	10	11	5	4	12	13	3	2	14	15	1	17	16	8	18
8	6	5	9	10	4	3	11	12	2	1	13	14	17	16	15	18	7
7	5	4	8	9	3	2	10	11	1	17	12	13	16	15	14	6	18
6	4	3	7	8	2	1	9	10	17	16	11	12	15	14	13	18	5
5	3	2	6	7	1	17	8	9	16	15	10	11	14	13	12	4	18
4	2	1	5	6	17	16	7	8	15	14	9	10	13	12	11	18	3
3	1	17	4	5	16	15	6	7	14	13	8	9	12	11	10	2	18
2	17	16	3	4	15	14	5	6	13	12	7	8	11	10	9	18	1


Double round robin Fixture grid.
1	16	15	2	3	14	13	4	5	12	11	6	7	10	9	8	18	17
17	15	14	1	2	13	12	3	4	11	10	5	6	9	8	7	16	18
16	14	13	17	1	12	11	2	3	10	9	4	5	8	7	6	18	15
15	13	12	16	17	11	10	1	2	9	8	3	4	7	6	5	14	18
14	12	11	15	16	10	9	17	1	8	7	2	3	6	5	4	18	13
13	11	10	14	15	9	8	16	17	7	6	1	2	5	4	3	12	18
12	10	9	13	14	8	7	15	16	6	5	17	1	4	3	2	18	11
11	9	8	12	13	7	6	14	15	5	4	16	17	3	2	1	10	18
10	8	7	11	12	6	5	13	14	4	3	15	16	2	1	17	18	9
9	7	6	10	11	5	4	12	13	3	2	14	15	1	17	16	8	18
8	6	5	9	10	4	3	11	12	2	1	13	14	17	16	15	18	7
7	5	4	8	9	3	2	10	11	1	17	12	13	16	15	14	6	18
6	4	3	7	8	2	1	9	10	17	16	11	12	15	14	13	18	5
5	3	2	6	7	1	17	8	9	16	15	10	11	14	13	12	4	18
4	2	1	5	6	17	16	7	8	15	14	9	10	13	12	11	18	3
3	1	17	4	5	16	15	6	7	14	13	8	9	12	11	10	2	18
2	17	16	3	4	15	14	5	6	13	12	7	8	11	10	9	18	1
16	1	2	15	14	3	4	13	12	5	6	11	10	7	8	9	17	18
15	17	1	14	13	2	3	12	11	4	5	10	9	6	7	8	18	16
14	16	17	13	12	1	2	11	10	3	4	9	8	5	6	7	15	18
13	15	16	12	11	17	1	10	9	2	3	8	7	4	5	6	18	14
12	14	15	11	10	16	17	9	8	1	2	7	6	3	4	5	13	18
11	13	14	10	9	15	16	8	7	17	1	6	5	2	3	4	18	12
10	12	13	9	8	14	15	7	6	16	17	5	4	1	2	3	11	18
9	11	12	8	7	13	14	6	5	15	16	4	3	17	1	2	18	10
8	10	11	7	6	12	13	5	4	14	15	3	2	16	17	1	9	18
7	9	10	6	5	11	12	4	3	13	14	2	1	15	16	17	18	8
6	8	9	5	4	10	11	3	2	12	13	1	17	14	15	16	7	18
5	7	8	4	3	9	10	2	1	11	12	17	16	13	14	15	18	6
4	6	7	3	2	8	9	1	17	10	11	16	15	12	13	14	5	18
3	5	6	2	1	7	8	17	16	9	10	15	14	11	12	13	18	4
2	4	5	1	17	6	7	16	15	8	9	14	13	10	11	12	3	18
1	3	4	17	16	5	6	15	14	7	8	13	12	9	10	11	18	2
17	2	3	16	15	4	5	14	13	6	7	12	11	8	9	10	1	18


Home and Away position count. Row number = index.
Counts of 1 are expected. They occur when the team number is only Home (or Away) once on that table in a single round robin fixture.
Counts of non 1 in a round robin fixture:  35
1	1	1	1	1	1	1	1	1	1	1	1	1	1	1	1	0	1
1	1	1	1	1	1	1	1	1	1	1	1	1	1	1	1	1	0
1	1	1	1	1	1	1	1	1	1	1	1	1	1	1	1	0	1
1	1	1	1	1	1	1	1	1	1	1	1	1	1	1	1	1	0
1	1	1	1	1	1	1	1	1	1	1	1	1	1	1	1	0	1
1	1	1	1	1	1	1	1	1	1	1	1	1	1	1	1	1	0
1	1	1	1	1	1	1	1	1	1	1	1	1	1	1	1	0	1
1	1	1	1	1	1	1	1	1	1	1	1	1	1	1	1	1	0
1	1	1	1	1	1	1	1	1	1	1	1	1	1	1	1	0	1
1	1	1	1	1	1	1	1	1	1	1	1	1	1	1	1	1	0
1	1	1	1	1	1	1	1	1	1	1	1	1	1	1	1	0	1
1	1	1	1	1	1	1	1	1	1	1	1	1	1	1	1	1	0
1	1	1	1	1	1	1	1	1	1	1	1	1	1	1	1	0	1
1	1	1	1	1	1	1	1	1	1	1	1	1	1	1	1	1	0
1	1	1	1	1	1	1	1	1	1	1	1	1	1	1	1	0	1
1	1	1	1	1	1	1	1	1	1	1	1	1	1	1	1	1	0
1	1	1	1	1	1	1	1	1	1	1	1	1	1	1	1	0	1
0	0	0	0	0	0	0	0	0	0	0	0	0	0	0	0	9	8


Match/Table count. Row number = index.
Counts of 3 or 4 are expected. They occur when the team numbers plays on that table in a double round robin fixture.
Counts of non 3 or 4 in a double round robin fixture:  26
4	4	4	4	4	4	4	4	2
4	4	4	4	4	4	4	4	2
4	4	4	4	4	4	4	4	2
4	4	4	4	4	4	4	4	2
4	4	4	4	4	4	4	4	2
4	4	4	4	4	4	4	4	2
4	4	4	4	4	4	4	4	2
4	4	4	4	4	4	4	4	2
4	4	4	4	4	4	4	4	2
4	4	4	4	4	4	4	4	2
4	4	4	4	4	4	4	4	2
4	4	4	4	4	4	4	4	2
4	4	4	4	4	4	4	4	2
4	4	4	4	4	4	4	4	2
4	4	4	4	4	4	4	4	2
4	4	4	4	4	4	4	4	2
4	4	4	4	4	4	4	4	2
0	0	0	0	0	0	0	0	34


Home and Away vertical sequence for each team number.
Runs of 3: 2
H	.	H	.	H	.	H	.	H	.	H	.	H	.	H	.	.	H
.	H	.	H	.	H	.	H	.	H	.	H	.	H	.	H	H	.
H	.	H	.	H	.	H	.	H	.	H	.	H	.	.	H	.	H
.	H	.	H	.	H	.	H	.	H	.	H	.	H	H	.	H	.
H	.	H	.	H	.	H	.	H	.	H	.	.	H	.	H	.	H
.	H	.	H	.	H	.	H	.	H	.	H	H	.	H	.	H	.
H	.	H	.	H	.	H	.	H	.	.	H	.	H	.	H	.	H
.	H	.	H	.	H	.	H	.	H	H	.	H	.	H	.	H	.
H	.	H	.	H	.	H	.	.	H	.	H	.	H	.	H	.	H
.	H	.	H	.	H	.	H	H	.	H	.	H	.	H	.	H	.
H	.	H	.	H	.	.	H	.	H	.	H	.	H	.	H	.	H
.	H	.	H	.	H	H	.	H	.	H	.	H	.	H	.	H	.
H	.	H	.	.	H	.	H	.	H	.	H	.	H	.	H	.	H
.	H	.	H	H	.	H	.	H	.	H	.	H	.	H	.	H	.
H	.	.	H	.	H	.	H	.	H	.	H	.	H	.	H	.	H
.	H	H	.	H	.	H	.	H	.	H	.	H	.	H	.	H	.
.	H	.	H	.	H	.	H	.	H	.	H	.	H	.	H	.	H
.	H	.	H	.	H	.	H	.	H	.	H	.	H	.	H	H	.
H	.	H	.	H	.	H	.	H	.	H	.	H	.	H	.	.	H
.	H	.	H	.	H	.	H	.	H	.	H	.	H	H	.	H	.
H	.	H	.	H	.	H	.	H	.	H	.	H	.	.	H	.	H
.	H	.	H	.	H	.	H	.	H	.	H	H	.	H	.	H	.
H	.	H	.	H	.	H	.	H	.	H	.	.	H	.	H	.	H
.	H	.	H	.	H	.	H	.	H	H	.	H	.	H	.	H	.
H	.	H	.	H	.	H	.	H	.	.	H	.	H	.	H	.	H
.	H	.	H	.	H	.	H	H	.	H	.	H	.	H	.	H	.
H	.	H	.	H	.	H	.	.	H	.	H	.	H	.	H	.	H
.	H	.	H	.	H	H	.	H	.	H	.	H	.	H	.	H	.
H	.	H	.	H	.	.	H	.	H	.	H	.	H	.	H	.	H
.	H	.	H	H	.	H	.	H	.	H	.	H	.	H	.	H	.
H	.	H	.	.	H	.	H	.	H	.	H	.	H	.	H	.	H
.	H	H	.	H	.	H	.	H	.	H	.	H	.	H	.	H	.
H	.	.	H	.	H	.	H	.	H	.	H	.	H	.	H	.	H
H	.	H	.	H	.	H	.	H	.	H	.	H	.	H	.	H	.

Opponents by round:
1:	16	14	12	10	8	6	4	2	17	15	13	11	9	7	5	3	18	16	14	12	10	8	6	4	2	17	15	13	11	9	7	5	3	18
2:	15	13	11	9	7	5	3	1	16	14	12	10	8	6	4	18	17	15	13	11	9	7	5	3	1	16	14	12	10	8	6	4	18	17
3:	14	12	10	8	6	4	2	17	15	13	11	9	7	5	18	1	16	14	12	10	8	6	4	2	17	15	13	11	9	7	5	18	1	16
4:	13	11	9	7	5	3	1	16	14	12	10	8	6	18	2	17	15	13	11	9	7	5	3	1	16	14	12	10	8	6	18	2	17	15
5:	12	10	8	6	4	2	17	15	13	11	9	7	18	3	1	16	14	12	10	8	6	4	2	17	15	13	11	9	7	18	3	1	16	14
6:	11	9	7	5	3	1	16	14	12	10	8	18	4	2	17	15	13	11	9	7	5	3	1	16	14	12	10	8	18	4	2	17	15	13
7:	10	8	6	4	2	17	15	13	11	9	18	5	3	1	16	14	12	10	8	6	4	2	17	15	13	11	9	18	5	3	1	16	14	12
8:	9	7	5	3	1	16	14	12	10	18	6	4	2	17	15	13	11	9	7	5	3	1	16	14	12	10	18	6	4	2	17	15	13	11
9:	8	6	4	2	17	15	13	11	18	7	5	3	1	16	14	12	10	8	6	4	2	17	15	13	11	18	7	5	3	1	16	14	12	10
10:	7	5	3	1	16	14	12	18	8	6	4	2	17	15	13	11	9	7	5	3	1	16	14	12	18	8	6	4	2	17	15	13	11	9
11:	6	4	2	17	15	13	18	9	7	5	3	1	16	14	12	10	8	6	4	2	17	15	13	18	9	7	5	3	1	16	14	12	10	8
12:	5	3	1	16	14	18	10	8	6	4	2	17	15	13	11	9	7	5	3	1	16	14	18	10	8	6	4	2	17	15	13	11	9	7
13:	4	2	17	15	18	11	9	7	5	3	1	16	14	12	10	8	6	4	2	17	15	18	11	9	7	5	3	1	16	14	12	10	8	6
14:	3	1	16	18	12	10	8	6	4	2	17	15	13	11	9	7	5	3	1	16	18	12	10	8	6	4	2	17	15	13	11	9	7	5
15:	2	17	18	13	11	9	7	5	3	1	16	14	12	10	8	6	4	2	17	18	13	11	9	7	5	3	1	16	14	12	10	8	6	4
16:	1	18	14	12	10	8	6	4	2	17	15	13	11	9	7	5	3	1	18	14	12	10	8	6	4	2	17	15	13	11	9	7	5	3
17:	18	15	13	11	9	7	5	3	1	16	14	12	10	8	6	4	2	18	15	13	11	9	7	5	3	1	16	14	12	10	8	6	4	2
18:	17	16	15	14	13	12	11	10	9	8	7	6	5	4	3	2	1	17	16	15	14	13	12	11	10	9	8	7	6	5	4	3	2	1

