Fixture analysis. 24

Single round robin Fixture grid.
23	2	1	24	3	22	21	4	5	20	19	6	7	18	17	8	9	16	15	10	11	14	13	12
22	24	23	1	2	21	20	3	4	19	18	5	6	17	16	7	8	15	14	9	10	13	12	11
19	2	21	23	24	20	1	22	3	18	17	4	5	16	15	6	7	14	13	8	9	12	11	10
16	3	20	22	23	19	18	24	2	17	21	1	4	15	14	5	6	13	12	7	8	11	10	9
13	4	19	21	22	18	17	23	24	16	15	2	3	14	1	20	5	12	11	6	7	10	9	8
10	5	18	20	21	17	16	22	23	15	14	24	2	13	12	3	4	11	19	1	6	9	8	7
7	6	17	19	20	16	15	21	22	14	13	23	24	12	11	2	3	10	9	4	5	8	1	18
4	7	16	18	19	15	14	20	21	13	12	22	23	11	10	24	2	9	8	3	17	1	6	5
24	8	15	17	18	14	13	19	20	12	11	21	22	10	9	23	1	16	7	2	3	6	5	4
21	9	14	16	17	13	12	18	19	11	10	20	15	1	8	22	23	7	6	24	2	5	4	3
18	10	13	15	16	12	11	17	1	14	9	19	20	8	7	21	22	6	5	23	24	4	3	2
15	11	12	14	13	1	10	16	17	9	8	18	19	7	6	20	21	5	4	22	23	3	2	24
1	12	11	13	14	10	9	15	16	8	7	17	18	6	5	19	20	4	3	21	22	2	24	23
13	9	10	12	11	1	8	14	15	7	6	16	17	5	4	18	19	3	2	20	21	24	23	22
14	6	9	11	12	8	7	13	1	10	5	15	16	4	3	17	18	2	24	19	20	23	22	21
15	3	8	10	11	7	6	12	13	5	4	14	9	1	2	16	17	24	23	18	19	22	21	20
16	23	7	9	10	6	5	11	12	4	3	13	14	2	24	15	1	8	22	17	18	21	20	19
17	20	6	8	9	5	4	10	11	3	2	12	13	24	23	14	15	22	21	16	7	1	19	18
18	17	5	7	8	4	3	9	10	2	24	11	12	23	22	13	14	21	20	15	16	19	1	6
19	14	4	6	7	3	2	8	9	24	23	10	11	22	21	12	13	20	5	1	15	18	17	16
20	11	3	5	6	2	24	7	8	23	22	9	10	21	1	4	12	19	18	13	14	17	16	15
21	8	2	4	5	24	23	6	7	22	3	1	9	20	19	10	11	18	17	12	13	16	15	14
22	5	24	3	4	23	1	2	6	21	20	7	8	19	18	9	10	17	16	11	12	15	14	13


Double round robin Fixture grid.
23	2	1	24	3	22	21	4	5	20	19	6	7	18	17	8	9	16	15	10	11	14	13	12
22	24	23	1	2	21	20	3	4	19	18	5	6	17	16	7	8	15	14	9	10	13	12	11
19	2	21	23	24	20	1	22	3	18	17	4	5	16	15	6	7	14	13	8	9	12	11	10
16	3	20	22	23	19	18	24	2	17	21	1	4	15	14	5	6	13	12	7	8	11	10	9
13	4	19	21	22	18	17	23	24	16	15	2	3	14	1	20	5	12	11	6	7	10	9	8
10	5	18	20	21	17	16	22	23	15	14	24	2	13	12	3	4	11	19	1	6	9	8	7
7	6	17	19	20	16	15	21	22	14	13	23	24	12	11	2	3	10	9	4	5	8	1	18
4	7	16	18	19	15	14	20	21	13	12	22	23	11	10	24	2	9	8	3	17	1	6	5
24	8	15	17	18	14	13	19	20	12	11	21	22	10	9	23	1	16	7	2	3	6	5	4
21	9	14	16	17	13	12	18	19	11	10	20	15	1	8	22	23	7	6	24	2	5	4	3
18	10	13	15	16	12	11	17	1	14	9	19	20	8	7	21	22	6	5	23	24	4	3	2
15	11	12	14	13	1	10	16	17	9	8	18	19	7	6	20	21	5	4	22	23	3	2	24
1	12	11	13	14	10	9	15	16	8	7	17	18	6	5	19	20	4	3	21	22	2	24	23
13	9	10	12	11	1	8	14	15	7	6	16	17	5	4	18	19	3	2	20	21	24	23	22
14	6	9	11	12	8	7	13	1	10	5	15	16	4	3	17	18	2	24	19	20	23	22	21
15	3	8	10	11	7	6	12	13	5	4	14	9	1	2	16	17	24	23	18	19	22	21	20
16	23	7	9	10	6	5	11	12	4	3	13	14	2	24	15	1	8	22	17	18	21	20	19
17	20	6	8	9	5	4	10	11	3	2	12	13	24	23	14	15	22	21	16	7	1	19	18
18	17	5	7	8	4	3	9	10	2	24	11	12	23	22	13	14	21	20	15	16	19	1	6
19	14	4	6	7	3	2	8	9	24	23	10	11	22	21	12	13	20	5	1	15	18	17	16
20	11	3	5	6	2	24	7	8	23	22	9	10	21	1	4	12	19	18	13	14	17	16	15
21	8	2	4	5	24	23	6	7	22	3	1	9	20	19	10	11	18	17	12	13	16	15	14
22	5	24	3	4	23	1	2	6	21	20	7	8	19	18	9	10	17	16	11	12	15	14	13
12	13	2	23	24	1	22	3	4	21	20	5	6	19	18	7	8	17	16	9	10	15	14	11
11	12	24	22	1	23	21	2	3	20	19	4	5	18	17	6	7	16	15	8	9	14	13	10
10	11	2	19	23	21	20	24	22	1	18	3	4	17	16	5	6	15	14	7	8	13	12	9
9	10	3	16	22	20	19	23	24	18	17	2	1	21	15	4	5	14	13	6	7	12	11	8
8	9	4	13	21	19	18	22	23	17	16	24	2	15	14	3	20	1	12	5	6	11	10	7
7	8	5	10	20	18	17	21	22	16	15	23	24	14	13	2	3	12	11	4	1	19	9	6
18	1	6	7	19	17	16	20	21	15	14	22	23	13	12	24	2	11	10	3	4	9	8	5
5	6	7	4	18	16	15	19	20	14	13	21	22	12	11	23	24	10	9	2	3	8	1	17
4	5	8	24	17	15	14	18	19	13	12	20	21	11	10	22	23	9	16	1	2	7	6	3
3	4	9	21	16	14	13	17	18	12	11	19	20	10	1	15	22	8	7	23	24	6	5	2
2	3	10	18	15	13	12	16	17	11	14	1	19	9	8	20	21	7	6	22	23	5	4	24
24	2	11	15	14	12	1	13	16	10	9	17	18	8	7	19	20	6	5	21	22	4	3	23
23	24	12	1	13	11	10	14	15	9	8	16	17	7	6	18	19	5	4	20	21	3	2	22
22	23	9	13	12	10	1	11	14	8	7	15	16	6	5	17	18	4	3	19	20	2	24	21
21	22	6	14	11	9	8	12	13	7	10	1	15	5	4	16	17	3	2	18	19	24	23	20
20	21	3	15	10	8	7	11	12	6	5	13	14	4	1	9	16	2	24	17	18	23	22	19
19	20	23	16	9	7	6	10	11	5	4	12	13	3	2	14	15	24	8	1	17	22	21	18
18	19	20	17	8	6	5	9	10	4	3	11	12	2	24	13	14	23	22	15	16	21	1	7
6	1	17	18	7	5	4	8	9	3	2	10	11	24	23	12	13	22	21	14	15	20	19	16
16	17	14	19	6	4	3	7	8	2	24	9	10	23	22	11	12	21	20	13	1	5	18	15
15	16	11	20	5	3	2	6	7	24	23	8	9	22	21	10	4	1	19	12	13	18	17	14
14	15	8	21	4	2	24	5	6	23	22	7	1	3	20	9	10	19	18	11	12	17	16	13
13	14	5	22	3	24	23	4	2	1	21	6	7	20	19	8	9	18	17	10	11	16	15	12


Home and Away position count. Row number = index.
Counts of 1 are expected. They occur when the team number is only Home (or Away) once on that table in a single round robin fixture.
Counts of non 1 in a round robin fixture:  92
1	0	1	1	0	2	2	0	2	0	0	2	0	2	2	0	2	0	0	2	0	2	2	0
0	2	1	0	1	1	1	1	1	1	1	1	1	1	1	1	1	1	1	1	1	1	1	1
0	2	1	1	1	1	1	1	1	1	2	0	1	0	1	1	1	1	1	1	1	1	1	1
1	1	1	1	1	1	1	1	1	1	1	1	1	1	1	1	1	1	1	1	0	1	1	1
0	2	1	1	1	1	1	0	1	1	1	1	1	1	1	1	1	1	2	0	1	1	1	1
0	2	1	1	1	1	1	1	1	0	1	1	1	1	1	1	1	1	1	1	1	1	1	1
1	1	1	1	1	1	1	1	1	1	1	1	1	1	1	1	1	1	1	1	2	0	0	1
0	2	1	1	1	1	1	1	1	1	1	0	1	1	1	1	1	1	1	1	1	1	1	1
0	2	1	1	1	0	1	1	1	1	1	1	2	0	1	1	1	1	1	1	1	1	1	1
1	1	1	1	1	1	1	1	1	1	1	1	1	1	1	1	1	1	0	1	1	1	1	1
0	2	1	1	2	0	1	1	1	1	1	1	1	1	1	0	1	1	1	1	1	1	1	1
0	1	1	1	1	1	1	1	1	1	1	1	1	1	1	1	1	1	1	1	1	1	1	1
2	0	1	1	1	1	1	1	1	1	1	1	1	1	0	1	1	1	1	1	1	1	1	1
1	1	1	1	1	1	1	1	0	2	1	1	1	1	1	1	1	1	1	0	1	1	1	1
2	0	1	1	0	1	1	1	1	1	1	1	1	1	1	1	1	1	1	1	1	1	1	1
2	0	1	1	1	1	1	1	1	1	0	1	1	1	1	1	0	2	1	1	1	1	1	1
1	1	1	1	1	1	1	1	1	1	1	1	1	1	1	1	1	1	1	1	1	1	1	0
2	0	1	1	1	1	1	1	0	1	1	1	1	1	1	1	1	1	1	1	1	1	0	2
2	0	1	1	1	1	0	1	1	1	1	1	1	1	1	1	1	1	1	1	1	1	1	1
1	1	1	1	1	1	1	1	1	1	1	1	1	1	0	2	1	1	1	1	1	0	1	1
2	0	1	1	1	1	1	1	1	1	1	1	0	1	1	1	1	1	1	1	1	1	1	1
2	0	0	1	1	1	0	2	1	1	1	1	1	1	1	1	1	1	1	1	1	1	1	1
1	1	1	1	1	1	1	1	1	1	1	1	1	1	1	1	1	0	1	1	1	1	1	1
1	1	1	1	1	1	1	1	1	1	1	1	1	1	1	1	0	1	1	1	1	1	1	1


Match/Table count. Row number = index.
Counts of 3 or 4 are expected. They occur when the team numbers plays on that table in a double round robin fixture.
Counts of non 3 or 4 in a double round robin fixture:  0
3	3	4	4	4	4	4	4	4	4	4	4
4	3	3	4	4	4	4	4	4	4	4	4
4	4	4	4	4	4	3	3	4	4	4	4
4	4	4	4	4	4	4	4	4	4	3	3
4	4	4	3	3	4	4	4	4	4	4	4
4	4	4	4	3	3	4	4	4	4	4	4
3	4	4	4	4	4	4	4	4	4	4	3
4	4	4	4	4	3	3	4	4	4	4	4
4	4	3	3	4	4	4	4	4	4	4	4
4	4	4	4	4	4	4	4	4	3	3	4
4	4	4	4	4	4	4	3	3	4	4	4
3	3	4	4	4	4	4	4	4	4	4	4
4	4	4	4	4	4	4	3	3	4	4	4
4	4	4	4	4	4	4	4	4	3	3	4
4	4	3	3	4	4	4	4	4	4	4	4
4	4	4	4	4	3	3	4	4	4	4	4
3	4	4	4	4	4	4	4	4	4	4	3
4	4	4	4	3	3	4	4	4	4	4	4
4	4	4	3	3	4	4	4	4	4	4	4
4	4	4	4	4	4	4	4	4	4	3	3
4	4	4	4	4	4	3	3	4	4	4	4
4	3	3	4	4	4	4	4	4	4	4	4
4	4	4	4	4	4	4	4	3	3	4	4
4	4	4	4	4	4	4	4	3	3	4	4


Home and Away vertical sequence for each team number.
Runs of 3: 2
H	.	H	.	H	.	H	.	H	.	H	.	H	.	H	.	H	.	H	.	H	.	H	.
.	H	.	H	.	H	.	H	.	H	.	H	.	H	.	H	.	H	.	H	.	H	H	.
H	.	H	.	H	.	H	.	H	.	H	.	H	.	H	.	H	.	H	.	H	.	.	H
.	H	.	H	.	H	.	H	.	H	.	H	.	H	.	H	.	H	.	H	H	.	H	.
H	.	H	.	H	.	H	.	H	.	H	.	H	.	H	.	H	.	H	.	.	H	.	H
.	H	.	H	.	H	.	H	.	H	.	H	.	H	.	H	.	H	H	.	H	.	H	.
H	.	H	.	H	.	H	.	H	.	H	.	H	.	H	.	H	.	.	H	.	H	.	H
.	H	.	H	.	H	.	H	.	H	.	H	.	H	.	H	H	.	H	.	H	.	H	.
H	.	H	.	H	.	H	.	H	.	H	.	H	.	H	.	.	H	.	H	.	H	.	H
.	H	.	H	.	H	.	H	.	H	.	H	.	H	H	.	H	.	H	.	H	.	H	.
H	.	H	.	H	.	H	.	H	.	H	.	H	.	.	H	.	H	.	H	.	H	.	H
.	H	.	H	.	H	.	H	.	H	.	H	H	.	H	.	H	.	H	.	H	.	H	.
H	.	H	.	H	.	H	.	H	.	H	.	.	H	.	H	.	H	.	H	.	H	.	H
.	H	.	H	.	H	.	H	.	H	H	.	H	.	H	.	H	.	H	.	H	.	H	.
H	.	H	.	H	.	H	.	H	.	.	H	.	H	.	H	.	H	.	H	.	H	.	H
.	H	.	H	.	H	.	H	H	.	H	.	H	.	H	.	H	.	H	.	H	.	H	.
H	.	H	.	H	.	H	.	.	H	.	H	.	H	.	H	.	H	.	H	.	H	.	H
.	H	.	H	.	H	H	.	H	.	H	.	H	.	H	.	H	.	H	.	H	.	H	.
H	.	H	.	H	.	.	H	.	H	.	H	.	H	.	H	.	H	.	H	.	H	.	H
.	H	.	H	H	.	H	.	H	.	H	.	H	.	H	.	H	.	H	.	H	.	H	.
H	.	H	.	.	H	.	H	.	H	.	H	.	H	.	H	.	H	.	H	.	H	.	H
.	H	H	.	H	.	H	.	H	.	H	.	H	.	H	.	H	.	H	.	H	.	H	.
H	.	.	H	.	H	.	H	.	H	.	H	.	H	.	H	.	H	.	H	.	H	.	H
.	H	.	H	.	H	.	H	.	H	.	H	.	H	.	H	.	H	.	H	.	H	.	H
H	.	H	.	H	.	H	.	H	.	H	.	H	.	H	.	H	.	H	.	H	.	.	H
.	H	.	H	.	H	.	H	.	H	.	H	.	H	.	H	.	H	.	H	.	H	H	.
H	.	H	.	H	.	H	.	H	.	H	.	H	.	H	.	H	.	H	.	.	H	.	H
.	H	.	H	.	H	.	H	.	H	.	H	.	H	.	H	.	H	.	H	H	.	H	.
H	.	H	.	H	.	H	.	H	.	H	.	H	.	H	.	H	.	.	H	.	H	.	H
.	H	.	H	.	H	.	H	.	H	.	H	.	H	.	H	.	H	H	.	H	.	H	.
H	.	H	.	H	.	H	.	H	.	H	.	H	.	H	.	.	H	.	H	.	H	.	H
.	H	.	H	.	H	.	H	.	H	.	H	.	H	.	H	H	.	H	.	H	.	H	.
H	.	H	.	H	.	H	.	H	.	H	.	H	.	.	H	.	H	.	H	.	H	.	H
.	H	.	H	.	H	.	H	.	H	.	H	.	H	H	.	H	.	H	.	H	.	H	.
H	.	H	.	H	.	H	.	H	.	H	.	.	H	.	H	.	H	.	H	.	H	.	H
.	H	.	H	.	H	.	H	.	H	.	H	H	.	H	.	H	.	H	.	H	.	H	.
H	.	H	.	H	.	H	.	H	.	.	H	.	H	.	H	.	H	.	H	.	H	.	H
.	H	.	H	.	H	.	H	.	H	H	.	H	.	H	.	H	.	H	.	H	.	H	.
H	.	H	.	H	.	H	.	.	H	.	H	.	H	.	H	.	H	.	H	.	H	.	H
.	H	.	H	.	H	.	H	H	.	H	.	H	.	H	.	H	.	H	.	H	.	H	.
H	.	H	.	H	.	.	H	.	H	.	H	.	H	.	H	.	H	.	H	.	H	.	H
.	H	.	H	.	H	H	.	H	.	H	.	H	.	H	.	H	.	H	.	H	.	H	.
H	.	H	.	.	H	.	H	.	H	.	H	.	H	.	H	.	H	.	H	.	H	.	H
.	H	.	H	H	.	H	.	H	.	H	.	H	.	H	.	H	.	H	.	H	.	H	.
H	.	.	H	.	H	.	H	.	H	.	H	.	H	.	H	.	H	.	H	.	H	.	H
.	H	H	.	H	.	H	.	H	.	H	.	H	.	H	.	H	.	H	.	H	.	H	.

Opponents by round:
1:	24	23	22	21	20	19	18	17	16	15	14	13	12	11	10	9	8	7	6	5	4	3	2	24	23	22	21	20	19	18	17	16	15	14	13	12	11	10	9	8	7	6	5	4	3	2
2:	23	21	19	17	15	13	11	9	7	5	3	24	22	20	18	16	14	12	10	8	6	4	1	23	21	19	17	15	13	11	9	7	5	3	24	22	20	18	16	14	12	10	8	6	4	1
3:	22	20	18	16	14	12	10	8	6	4	2	23	21	19	17	15	13	11	9	7	5	1	24	22	20	18	16	14	12	10	8	6	4	2	23	21	19	17	15	13	11	9	7	5	1	24
4:	21	19	17	15	13	11	9	7	5	3	24	22	20	18	16	14	12	10	8	6	1	2	23	21	19	17	15	13	11	9	7	5	3	24	22	20	18	16	14	12	10	8	6	1	2	23
5:	20	18	16	14	12	10	8	6	4	2	23	21	19	17	15	13	11	9	7	1	3	24	22	20	18	16	14	12	10	8	6	4	2	23	21	19	17	15	13	11	9	7	1	3	24	22
6:	19	17	15	13	11	9	7	5	3	24	22	20	18	16	14	12	10	8	1	4	2	23	21	19	17	15	13	11	9	7	5	3	24	22	20	18	16	14	12	10	8	1	4	2	23	21
7:	18	16	14	12	10	8	6	4	2	23	21	19	17	15	13	11	9	1	5	3	24	22	20	18	16	14	12	10	8	6	4	2	23	21	19	17	15	13	11	9	1	5	3	24	22	20
8:	17	15	13	11	9	7	5	3	24	22	20	18	16	14	12	10	1	6	4	2	23	21	19	17	15	13	11	9	7	5	3	24	22	20	18	16	14	12	10	1	6	4	2	23	21	19
9:	16	14	12	10	8	6	4	2	23	21	19	17	15	13	11	1	7	5	3	24	22	20	18	16	14	12	10	8	6	4	2	23	21	19	17	15	13	11	1	7	5	3	24	22	20	18
10:	15	13	11	9	7	5	3	24	22	20	18	16	14	12	1	8	6	4	2	23	21	19	17	15	13	11	9	7	5	3	24	22	20	18	16	14	12	1	8	6	4	2	23	21	19	17
11:	14	12	10	8	6	4	2	23	21	19	17	15	13	1	9	7	5	3	24	22	20	18	16	14	12	10	8	6	4	2	23	21	19	17	15	13	1	9	7	5	3	24	22	20	18	16
12:	13	11	9	7	5	3	24	22	20	18	16	14	1	10	8	6	4	2	23	21	19	17	15	13	11	9	7	5	3	24	22	20	18	16	14	1	10	8	6	4	2	23	21	19	17	15
13:	12	10	8	6	4	2	23	21	19	17	15	1	11	9	7	5	3	24	22	20	18	16	14	12	10	8	6	4	2	23	21	19	17	15	1	11	9	7	5	3	24	22	20	18	16	14
14:	11	9	7	5	3	24	22	20	18	16	1	12	10	8	6	4	2	23	21	19	17	15	13	11	9	7	5	3	24	22	20	18	16	1	12	10	8	6	4	2	23	21	19	17	15	13
15:	10	8	6	4	2	23	21	19	17	1	13	11	9	7	5	3	24	22	20	18	16	14	12	10	8	6	4	2	23	21	19	17	1	13	11	9	7	5	3	24	22	20	18	16	14	12
16:	9	7	5	3	24	22	20	18	1	14	12	10	8	6	4	2	23	21	19	17	15	13	11	9	7	5	3	24	22	20	18	1	14	12	10	8	6	4	2	23	21	19	17	15	13	11
17:	8	6	4	2	23	21	19	1	15	13	11	9	7	5	3	24	22	20	18	16	14	12	10	8	6	4	2	23	21	19	1	15	13	11	9	7	5	3	24	22	20	18	16	14	12	10
18:	7	5	3	24	22	20	1	16	14	12	10	8	6	4	2	23	21	19	17	15	13	11	9	7	5	3	24	22	20	1	16	14	12	10	8	6	4	2	23	21	19	17	15	13	11	9
19:	6	4	2	23	21	1	17	15	13	11	9	7	5	3	24	22	20	18	16	14	12	10	8	6	4	2	23	21	1	17	15	13	11	9	7	5	3	24	22	20	18	16	14	12	10	8
20:	5	3	24	22	1	18	16	14	12	10	8	6	4	2	23	21	19	17	15	13	11	9	7	5	3	24	22	1	18	16	14	12	10	8	6	4	2	23	21	19	17	15	13	11	9	7
21:	4	2	23	1	19	17	15	13	11	9	7	5	3	24	22	20	18	16	14	12	10	8	6	4	2	23	1	19	17	15	13	11	9	7	5	3	24	22	20	18	16	14	12	10	8	6
22:	3	24	1	20	18	16	14	12	10	8	6	4	2	23	21	19	17	15	13	11	9	7	5	3	24	1	20	18	16	14	12	10	8	6	4	2	23	21	19	17	15	13	11	9	7	5
23:	2	1	21	19	17	15	13	11	9	7	5	3	24	22	20	18	16	14	12	10	8	6	4	2	1	21	19	17	15	13	11	9	7	5	3	24	22	20	18	16	14	12	10	8	6	4
24:	1	22	20	18	16	14	12	10	8	6	4	2	23	21	19	17	15	13	11	9	7	5	3	1	22	20	18	16	14	12	10	8	6	4	2	23	21	19	17	15	13	11	9	7	5	3

