Fixture analysis. 14

Single round robin Fixture grid.
13	2	1	14	3	12	11	4	5	10	9	6	7	8
12	14	13	1	2	11	10	3	4	9	8	5	6	7
9	2	11	13	14	10	1	12	3	8	7	4	5	6
6	3	10	12	13	9	8	14	2	7	11	1	4	5
3	4	9	11	12	8	7	13	14	6	5	2	1	10
13	5	8	10	11	7	6	12	9	1	4	14	2	3
10	6	7	9	1	8	5	11	12	4	3	13	14	2
7	1	6	8	9	5	4	10	11	3	2	12	13	14
8	4	5	7	1	6	3	9	10	2	14	11	12	13
9	14	4	6	7	3	2	8	5	1	13	10	11	12
10	11	3	5	6	2	14	7	8	13	12	9	1	4
11	8	2	4	5	14	13	6	7	12	3	1	9	10
12	5	14	3	4	13	1	2	6	11	10	7	8	9


Double round robin Fixture grid.
13	2	1	14	3	12	11	4	5	10	9	6	7	8
12	14	13	1	2	11	10	3	4	9	8	5	6	7
9	2	11	13	14	10	1	12	3	8	7	4	5	6
6	3	10	12	13	9	8	14	2	7	11	1	4	5
3	4	9	11	12	8	7	13	14	6	5	2	1	10
13	5	8	10	11	7	6	12	9	1	4	14	2	3
10	6	7	9	1	8	5	11	12	4	3	13	14	2
7	1	6	8	9	5	4	10	11	3	2	12	13	14
8	4	5	7	1	6	3	9	10	2	14	11	12	13
9	14	4	6	7	3	2	8	5	1	13	10	11	12
10	11	3	5	6	2	14	7	8	13	12	9	1	4
11	8	2	4	5	14	13	6	7	12	3	1	9	10
12	5	14	3	4	13	1	2	6	11	10	7	8	9
8	7	2	13	14	1	12	3	4	11	10	5	6	9
7	6	14	12	1	13	11	2	3	10	9	4	5	8
6	5	2	9	13	11	10	14	12	1	8	3	4	7
5	4	3	6	12	10	9	13	14	8	7	2	1	11
10	1	4	3	11	9	8	12	13	7	6	14	2	5
3	2	5	13	10	8	7	11	12	6	1	9	14	4
2	14	6	10	9	7	8	1	11	5	4	12	13	3
14	13	1	7	8	6	5	9	10	4	3	11	12	2
13	12	4	8	7	5	6	1	9	3	2	10	11	14
12	11	14	9	6	4	3	7	8	2	1	5	10	13
4	1	11	10	5	3	2	6	7	14	13	8	9	12
10	9	8	11	4	2	14	5	6	13	12	7	1	3
9	8	5	12	3	14	13	4	2	1	11	6	7	10


Home and Away position count. Row number = index.
Counts of 1 are expected. They occur when the team number is only Home (or Away) once on that table in a single round robin fixture.
Counts of non 1 in a round robin fixture:  50
0	1	1	1	2	0	2	0	0	2	0	2	2	0
0	2	1	0	1	1	1	1	1	1	1	1	1	1
1	1	1	1	1	1	1	1	1	1	2	0	0	1
0	2	1	1	1	0	1	1	1	1	1	1	1	1
0	2	1	1	1	1	1	0	2	0	1	1	1	1
1	1	1	1	1	1	1	1	1	1	0	1	1	1
1	0	1	1	1	1	1	1	1	1	1	1	1	1
1	1	1	1	0	2	1	1	1	1	1	0	1	1
2	0	1	1	1	1	0	1	1	1	1	1	1	1
2	0	1	1	0	1	1	1	1	1	1	1	0	2
1	1	1	1	1	1	1	1	1	1	1	1	1	0
2	0	0	1	1	1	0	2	1	1	1	1	1	1
2	0	1	1	1	1	1	1	0	1	1	1	1	1
0	2	1	1	1	1	1	1	1	0	1	1	1	1


Match/Table count. Row number = index.
Counts of 3 or 4 are expected. They occur when the team numbers plays on that table in a double round robin fixture.
Counts of non 3 or 4 in a double round robin fixture:  0
3	3	4	4	4	4	4
4	3	3	4	4	4	4
3	4	4	4	4	4	3
4	4	3	3	4	4	4
4	4	4	3	3	4	4
4	4	4	4	4	3	3
3	3	4	4	4	4	4
4	4	4	4	4	3	3
4	4	4	3	3	4	4
4	4	3	3	4	4	4
3	4	4	4	4	4	3
4	3	3	4	4	4	4
4	4	4	4	3	3	4
4	4	4	4	3	3	4


Home and Away vertical sequence for each team number.
Runs of 3: 2
H	.	H	.	H	.	H	.	H	.	H	.	H	.
.	H	.	H	.	H	.	H	.	H	.	H	H	.
H	.	H	.	H	.	H	.	H	.	H	.	.	H
.	H	.	H	.	H	.	H	.	H	H	.	H	.
H	.	H	.	H	.	H	.	H	.	.	H	.	H
.	H	.	H	.	H	.	H	H	.	H	.	H	.
H	.	H	.	H	.	H	.	.	H	.	H	.	H
.	H	.	H	.	H	H	.	H	.	H	.	H	.
H	.	H	.	H	.	.	H	.	H	.	H	.	H
.	H	.	H	H	.	H	.	H	.	H	.	H	.
H	.	H	.	.	H	.	H	.	H	.	H	.	H
.	H	H	.	H	.	H	.	H	.	H	.	H	.
H	.	.	H	.	H	.	H	.	H	.	H	.	H
.	H	.	H	.	H	.	H	.	H	.	H	.	H
H	.	H	.	H	.	H	.	H	.	H	.	.	H
.	H	.	H	.	H	.	H	.	H	.	H	H	.
H	.	H	.	H	.	H	.	H	.	.	H	.	H
.	H	.	H	.	H	.	H	.	H	H	.	H	.
H	.	H	.	H	.	H	.	.	H	.	H	.	H
.	H	.	H	.	H	.	H	H	.	H	.	H	.
H	.	H	.	H	.	.	H	.	H	.	H	.	H
.	H	.	H	.	H	H	.	H	.	H	.	H	.
H	.	H	.	.	H	.	H	.	H	.	H	.	H
.	H	.	H	H	.	H	.	H	.	H	.	H	.
H	.	.	H	.	H	.	H	.	H	.	H	.	H
.	H	H	.	H	.	H	.	H	.	H	.	H	.

Opponents by round:
1:	14	13	12	11	10	9	8	7	6	5	4	3	2	14	13	12	11	10	9	8	7	6	5	4	3	2
2:	13	11	9	7	5	3	14	12	10	8	6	4	1	13	11	9	7	5	3	14	12	10	8	6	4	1
3:	12	10	8	6	4	2	13	11	9	7	5	1	14	12	10	8	6	4	2	13	11	9	7	5	1	14
4:	11	9	7	5	3	14	12	10	8	6	1	2	13	11	9	7	5	3	14	12	10	8	6	1	2	13
5:	10	8	6	4	2	13	11	9	7	1	3	14	12	10	8	6	4	2	13	11	9	7	1	3	14	12
6:	9	7	5	3	14	12	10	8	1	4	2	13	11	9	7	5	3	14	12	10	8	1	4	2	13	11
7:	8	6	4	2	13	11	9	1	5	3	14	12	10	8	6	4	2	13	11	9	1	5	3	14	12	10
8:	7	5	3	14	12	10	1	6	4	2	13	11	9	7	5	3	14	12	10	1	6	4	2	13	11	9
9:	6	4	2	13	11	1	7	5	3	14	12	10	8	6	4	2	13	11	1	7	5	3	14	12	10	8
10:	5	3	14	12	1	8	6	4	2	13	11	9	7	5	3	14	12	1	8	6	4	2	13	11	9	7
11:	4	2	13	1	9	7	5	3	14	12	10	8	6	4	2	13	1	9	7	5	3	14	12	10	8	6
12:	3	14	1	10	8	6	4	2	13	11	9	7	5	3	14	1	10	8	6	4	2	13	11	9	7	5
13:	2	1	11	9	7	5	3	14	12	10	8	6	4	2	1	11	9	7	5	3	14	12	10	8	6	4
14:	1	12	10	8	6	4	2	13	11	9	7	5	3	1	12	10	8	6	4	2	13	11	9	7	5	3

