Fixture analysis. 16

Single round robin Fixture grid.
15	2	1	16	3	14	13	4	5	12	11	6	7	10	9	8
14	16	15	1	2	13	12	3	4	11	10	5	6	9	8	7
11	2	13	15	16	12	1	14	3	10	9	4	5	8	7	6
8	3	12	14	15	11	10	16	2	9	13	1	4	7	6	5
5	4	11	13	14	10	9	15	16	8	7	2	3	6	1	12
2	5	10	12	13	9	8	14	15	7	6	16	11	1	4	3
14	6	9	11	12	8	7	13	1	10	5	15	16	4	3	2
11	7	8	10	9	1	6	12	13	5	4	14	15	3	2	16
1	8	7	9	10	6	5	11	12	4	3	13	14	2	16	15
9	5	6	8	7	1	4	10	11	3	2	12	13	16	15	14
10	2	5	7	8	4	3	9	1	6	16	11	12	15	14	13
11	14	4	6	7	3	2	8	9	16	15	10	5	1	13	12
12	11	3	5	6	2	16	7	8	15	14	9	10	13	1	4
13	8	2	4	5	16	15	6	7	14	3	1	9	12	11	10
14	5	16	3	4	15	1	2	6	13	12	7	8	11	10	9


Double round robin Fixture grid.
15	2	1	16	3	14	13	4	5	12	11	6	7	10	9	8
14	16	15	1	2	13	12	3	4	11	10	5	6	9	8	7
11	2	13	15	16	12	1	14	3	10	9	4	5	8	7	6
8	3	12	14	15	11	10	16	2	9	13	1	4	7	6	5
5	4	11	13	14	10	9	15	16	8	7	2	3	6	1	12
2	5	10	12	13	9	8	14	15	7	6	16	11	1	4	3
14	6	9	11	12	8	7	13	1	10	5	15	16	4	3	2
11	7	8	10	9	1	6	12	13	5	4	14	15	3	2	16
1	8	7	9	10	6	5	11	12	4	3	13	14	2	16	15
9	5	6	8	7	1	4	10	11	3	2	12	13	16	15	14
10	2	5	7	8	4	3	9	1	6	16	11	12	15	14	13
11	14	4	6	7	3	2	8	9	16	15	10	5	1	13	12
12	11	3	5	6	2	16	7	8	15	14	9	10	13	1	4
13	8	2	4	5	16	15	6	7	14	3	1	9	12	11	10
14	5	16	3	4	15	1	2	6	13	12	7	8	11	10	9
8	9	2	15	16	1	14	3	4	13	12	5	6	11	10	7
7	8	16	14	1	15	13	2	3	12	11	4	5	10	9	6
6	7	2	11	15	13	12	16	14	1	10	3	4	9	8	5
5	6	3	8	14	12	11	15	16	10	9	2	1	13	7	4
12	1	4	5	13	11	10	14	15	9	8	16	2	7	6	3
3	4	5	2	12	10	9	13	14	8	7	15	16	6	1	11
2	3	6	14	11	9	8	12	13	7	10	1	15	5	4	16
16	2	7	11	10	8	1	9	12	6	5	13	14	4	3	15
15	16	8	1	9	7	6	10	11	5	4	12	13	3	2	14
14	15	5	9	8	6	1	7	10	4	3	11	12	2	16	13
13	14	2	10	7	5	4	8	9	3	6	1	11	16	15	12
12	13	14	11	6	4	3	7	8	2	16	9	10	15	1	5
4	1	11	12	5	3	2	6	7	16	15	8	9	14	13	10
10	11	8	13	4	2	16	5	6	15	14	7	1	3	12	9
9	10	5	14	3	16	15	4	2	1	13	6	7	12	11	8


Home and Away position count. Row number = index.
Counts of 1 are expected. They occur when the team number is only Home (or Away) once on that table in a single round robin fixture.
Counts of non 1 in a round robin fixture:  54
1	0	1	1	0	2	2	0	2	0	0	2	0	2	2	0
1	3	1	0	1	1	1	1	1	0	1	1	0	1	1	1
0	1	1	1	1	1	1	1	1	1	2	0	1	1	1	1
0	1	1	1	1	1	1	1	1	1	1	1	1	1	1	1
1	3	1	1	1	0	1	0	1	1	1	1	2	0	0	1
0	1	1	1	1	1	1	1	1	1	1	1	1	1	1	1
0	1	1	1	2	0	1	1	1	1	1	1	1	1	1	1
1	2	1	1	1	1	1	1	1	1	0	0	1	1	1	1
1	0	1	1	1	1	1	1	1	1	1	1	1	1	1	1
1	0	1	1	1	1	1	1	0	2	1	1	1	1	1	1
3	1	1	1	0	1	0	1	1	1	1	1	1	1	1	0
1	0	1	1	1	1	1	1	1	1	1	1	1	1	0	2
1	0	1	1	1	1	1	1	1	1	1	1	1	1	1	1
3	1	0	1	1	1	0	2	0	1	1	1	1	0	1	1
1	0	1	1	1	1	1	1	1	1	1	1	1	1	1	1
0	1	1	1	1	1	1	1	1	1	1	1	1	1	1	1


Match/Table count. Row number = index.
Counts of 3 or 4 are expected. They occur when the team numbers plays on that table in a double round robin fixture.
Counts of non 3 or 4 in a double round robin fixture:  14
3	3	4	4	4	4	4	4
6	5	3	4	3	3	3	3
3	3	4	4	4	4	4	4
3	3	4	4	4	4	4	4
5	6	3	2	3	4	4	3
3	3	4	4	4	4	4	4
3	3	4	4	4	4	4	4
5	5	4	4	4	2	2	4
3	3	4	4	4	4	4	4
3	3	4	4	4	4	4	4
5	6	3	2	3	4	4	3
3	3	4	4	4	4	4	4
3	3	4	4	4	4	4	4
6	5	3	4	3	3	3	3
3	3	4	4	4	4	4	4
3	3	4	4	4	4	4	4


Home and Away vertical sequence for each team number.
Runs of 3: 2
H	.	H	.	H	.	H	.	H	.	H	.	H	.	H	.
.	H	.	H	.	H	.	H	.	H	.	H	.	H	H	.
H	.	H	.	H	.	H	.	H	.	H	.	H	.	.	H
.	H	.	H	.	H	.	H	.	H	.	H	H	.	H	.
H	.	H	.	H	.	H	.	H	.	H	.	.	H	.	H
.	H	.	H	.	H	.	H	.	H	H	.	H	.	H	.
H	.	H	.	H	.	H	.	H	.	.	H	.	H	.	H
.	H	.	H	.	H	.	H	H	.	H	.	H	.	H	.
H	.	H	.	H	.	H	.	.	H	.	H	.	H	.	H
.	H	.	H	.	H	H	.	H	.	H	.	H	.	H	.
H	.	H	.	H	.	.	H	.	H	.	H	.	H	.	H
.	H	.	H	H	.	H	.	H	.	H	.	H	.	H	.
H	.	H	.	.	H	.	H	.	H	.	H	.	H	.	H
.	H	H	.	H	.	H	.	H	.	H	.	H	.	H	.
H	.	.	H	.	H	.	H	.	H	.	H	.	H	.	H
.	H	.	H	.	H	.	H	.	H	.	H	.	H	.	H
H	.	H	.	H	.	H	.	H	.	H	.	H	.	.	H
.	H	.	H	.	H	.	H	.	H	.	H	.	H	H	.
H	.	H	.	H	.	H	.	H	.	H	.	.	H	.	H
.	H	.	H	.	H	.	H	.	H	.	H	H	.	H	.
H	.	H	.	H	.	H	.	H	.	.	H	.	H	.	H
.	H	.	H	.	H	.	H	.	H	H	.	H	.	H	.
H	.	H	.	H	.	H	.	.	H	.	H	.	H	.	H
.	H	.	H	.	H	.	H	H	.	H	.	H	.	H	.
H	.	H	.	H	.	.	H	.	H	.	H	.	H	.	H
.	H	.	H	.	H	H	.	H	.	H	.	H	.	H	.
H	.	H	.	.	H	.	H	.	H	.	H	.	H	.	H
.	H	.	H	H	.	H	.	H	.	H	.	H	.	H	.
H	.	.	H	.	H	.	H	.	H	.	H	.	H	.	H
.	H	H	.	H	.	H	.	H	.	H	.	H	.	H	.

Opponents by round:
1:	16	15	14	13	12	11	10	9	8	7	6	5	4	3	2	16	15	14	13	12	11	10	9	8	7	6	5	4	3	2
2:	15	13	11	9	7	5	3	16	14	12	10	8	6	4	1	15	13	11	9	7	5	3	16	14	12	10	8	6	4	1
3:	14	12	10	8	6	4	2	15	13	11	9	7	5	1	16	14	12	10	8	6	4	2	15	13	11	9	7	5	1	16
4:	13	11	9	7	5	3	16	14	12	10	8	6	1	2	15	13	11	9	7	5	3	16	14	12	10	8	6	1	2	15
5:	12	10	8	6	4	2	15	13	11	9	7	1	3	16	14	12	10	8	6	4	2	15	13	11	9	7	1	3	16	14
6:	11	9	7	5	3	16	14	12	10	8	1	4	2	15	13	11	9	7	5	3	16	14	12	10	8	1	4	2	15	13
7:	10	8	6	4	2	15	13	11	9	1	5	3	16	14	12	10	8	6	4	2	15	13	11	9	1	5	3	16	14	12
8:	9	7	5	3	16	14	12	10	1	6	4	2	15	13	11	9	7	5	3	16	14	12	10	1	6	4	2	15	13	11
9:	8	6	4	2	15	13	11	1	7	5	3	16	14	12	10	8	6	4	2	15	13	11	1	7	5	3	16	14	12	10
10:	7	5	3	16	14	12	1	8	6	4	2	15	13	11	9	7	5	3	16	14	12	1	8	6	4	2	15	13	11	9
11:	6	4	2	15	13	1	9	7	5	3	16	14	12	10	8	6	4	2	15	13	1	9	7	5	3	16	14	12	10	8
12:	5	3	16	14	1	10	8	6	4	2	15	13	11	9	7	5	3	16	14	1	10	8	6	4	2	15	13	11	9	7
13:	4	2	15	1	11	9	7	5	3	16	14	12	10	8	6	4	2	15	1	11	9	7	5	3	16	14	12	10	8	6
14:	3	16	1	12	10	8	6	4	2	15	13	11	9	7	5	3	16	1	12	10	8	6	4	2	15	13	11	9	7	5
15:	2	1	13	11	9	7	5	3	16	14	12	10	8	6	4	2	1	13	11	9	7	5	3	16	14	12	10	8	6	4
16:	1	14	12	10	8	6	4	2	15	13	11	9	7	5	3	1	14	12	10	8	6	4	2	15	13	11	9	7	5	3

